#mGo	mLSP\ISRweight\ISRweight_up\ISRweight_down
1800	200	1.197090	1.089503	1.328252
600	200	1.168786	1.077631	1.276787
1950	800	1.177383	1.081265	1.292257
1850	1400	1.149589	1.069410	1.242766
2500	1200	1.168137	1.077347	1.275638
1150	450	1.181919	1.083178	1.300467
2250	300	1.194666	1.088492	1.323792
2250	1100	1.172041	1.079011	1.282626
1300	700	1.171959	1.078980	1.282474
1250	300	1.190186	1.086632	1.315556
600	375	1.180574	1.082614	1.298026
1600	100	1.198848	1.090231	1.331503
1050	400	1.181040	1.082807	1.298876
2000	700	1.177370	1.081259	1.292235
1200	850	1.161759	1.074640	1.264250
2100	400	1.190380	1.086713	1.315912
2550	500	1.189196	1.086212	1.313754
2400	0	1.197935	1.089851	1.329819
2050	1600	1.144779	1.067324	1.234354
2100	1300	1.162022	1.074742	1.264730
2200	1450	1.157517	1.072815	1.256741
1950	1450	1.152078	1.070479	1.247143
1150	400	1.183464	1.083825	1.303278
1450	800	1.171380	1.078736	1.281431
2000	1100	1.168641	1.077570	1.276527
1300	750	1.173224	1.079515	1.284749
1350	1125	1.175881	1.080643	1.289527
1850	850	1.175396	1.080427	1.288668
1800	1300	1.156723	1.072482	1.255326
2400	800	1.177327	1.081238	1.292160
1100	800	1.171223	1.078671	1.281148
1900	1050	1.169035	1.077734	1.277236
2700	1100	1.172018	1.078994	1.282595
1850	700	1.182803	1.083541	1.302086
2700	1000	1.174197	1.079915	1.286516
1300	800	1.169192	1.077806	1.277510
2600	1400	1.166512	1.076658	1.272729
2100	1350	1.161386	1.074472	1.263598
900	675	1.185043	1.084491	1.306147
1650	1150	1.158716	1.073339	1.258849
2550	400	1.190984	1.086962	1.317023
1950	1400	1.153346	1.071028	1.249372
1500	600	1.182648	1.083478	1.301803
1600	950	1.170117	1.078197	1.279171
2300	1100	1.172682	1.079279	1.283782
1500	1200	1.158572	1.073279	1.258592
1700	850	1.173335	1.079558	1.284953
950	350	1.181016	1.082797	1.298832
2000	200	1.196192	1.089123	1.326607
2800	100	1.197123	1.089512	1.328322
2100	1150	1.168534	1.077519	1.276343
1650	1350	1.158927	1.073431	1.259221
1100	875	1.180641	1.082648	1.298139
900	600	1.173976	1.079834	1.286101
1300	850	1.166003	1.076450	1.271808
1050	550	1.173537	1.079645	1.285316
1350	600	1.179740	1.082260	1.296518
2000	1350	1.159012	1.073457	1.259385
700	100	1.182761	1.083525	1.302006
1550	900	1.167960	1.077279	1.275311
1150	350	1.185729	1.084772	1.307405
2500	1550	1.160575	1.074121	1.262163
2350	1400	1.163928	1.075555	1.268124
2100	1600	1.147265	1.068400	1.238701
1500	1250	1.167750	1.077198	1.274924
2500	1100	1.173781	1.079739	1.285768
1400	650	1.179942	1.082346	1.296883
1100	450	1.180862	1.082731	1.298553
2300	300	1.194776	1.088537	1.323996
2600	1200	1.169689	1.078008	1.278412
2750	700	1.182636	1.083474	1.301777
2150	1500	1.153581	1.071128	1.249788
1800	800	1.176842	1.081037	1.291280
1550	1000	1.164933	1.075990	1.269904
2550	900	1.176032	1.080692	1.289821
1150	650	1.171592	1.078823	1.281815
2450	700	1.180950	1.082767	1.298715
1450	1050	1.157541	1.072832	1.256774
1950	100	1.199841	1.090637	1.333349
800	200	1.182611	1.083465	1.301729
1550	200	1.197716	1.089764	1.329407
1300	300	1.192272	1.087499	1.319386
2650	1600	1.161412	1.074482	1.263646
1700	900	1.173371	1.079571	1.285021
1900	1350	1.154446	1.071499	1.251313
1200	700	1.171722	1.078879	1.282050
2600	0	1.196488	1.089253	1.327142
1350	950	1.161093	1.074357	1.263065
2050	1200	1.165125	1.076068	1.270253
2100	900	1.173364	1.079568	1.285011
1600	1050	1.163274	1.075286	1.266944
2750	1100	1.171893	1.078941	1.282372
2650	1100	1.172851	1.079347	1.284093
1200	900	1.168300	1.077431	1.275909
2400	1550	1.158364	1.073176	1.258243
2200	700	1.179087	1.081982	1.295341
1300	350	1.187521	1.085524	1.310673
1600	300	1.193584	1.088047	1.321793
1550	800	1.173738	1.079728	1.285679
1600	900	1.170471	1.078346	1.279808
2050	1400	1.156362	1.072322	1.254695
2100	1200	1.168552	1.077525	1.276379
1650	500	1.187007	1.085302	1.309745
900	500	1.169946	1.078126	1.278862
2450	0	1.199670	1.090564	1.333034
1600	600	1.183071	1.083660	1.302563
2150	200	1.197901	1.089835	1.329758
1650	1400	1.160384	1.074059	1.261797
1900	1200	1.164023	1.075602	1.268285
1950	700	1.181797	1.083120	1.300256
1350	450	1.183897	1.084006	1.304067
1800	1400	1.146603	1.068117	1.237537
1700	600	1.179554	1.082180	1.296184
2800	400	1.188238	1.085814	1.311996
1900	1250	1.161033	1.074325	1.262965
1300	600	1.177852	1.081467	1.293099
1250	200	1.196070	1.089078	1.326375
2500	200	1.195753	1.088947	1.325790
1650	1425	1.165031	1.076042	1.270065
2200	100	1.198115	1.089926	1.330148
2650	200	1.196016	1.089054	1.326278
2250	1550	1.154711	1.071608	1.251785
1150	500	1.178859	1.081892	1.294919
2450	1000	1.171925	1.078955	1.282427
1350	400	1.185086	1.084505	1.306230
1450	500	1.183362	1.083783	1.303089
1000	600	1.169139	1.077783	1.277416
1050	500	1.177191	1.081189	1.291905
2300	1450	1.160112	1.073927	1.261338
2250	1400	1.160347	1.074027	1.261753
1750	750	1.179366	1.082103	1.295841
2050	800	1.177057	1.081130	1.291663
2050	1250	1.165311	1.076147	1.270584
2150	1600	1.149934	1.069552	1.243382
1850	600	1.181166	1.082855	1.299110
1600	800	1.173888	1.079795	1.285944
1250	700	1.171002	1.078573	1.280758
1850	1050	1.169470	1.077921	1.278013
2700	0	1.198482	1.090075	1.330832
1900	1150	1.164834	1.075951	1.269726
2300	800	1.176806	1.081021	1.291216
1550	500	1.185201	1.084551	1.306444
750	450	1.174917	1.080230	1.287797
2200	1300	1.164333	1.075729	1.268844
2000	1050	1.170921	1.078537	1.280615
1500	850	1.171516	1.078789	1.281682
2150	1200	1.168069	1.077321	1.275513
1500	1150	1.153994	1.071316	1.250500
2150	900	1.174036	1.079854	1.286218
1450	550	1.182090	1.083246	1.300784
1350	0	1.203508	1.092150	1.340154
1450	850	1.170205	1.078233	1.279330
1550	0	1.201154	1.091180	1.335779
2000	0	1.199999	1.090700	1.333645
1300	100	1.200112	1.090748	1.333850
950	725	1.183037	1.083651	1.302493
1850	1300	1.157288	1.072722	1.256329
1000	400	1.180037	1.082384	1.297057
1900	1550	1.142722	1.066436	1.230764
2400	1400	1.163246	1.075267	1.266904
2250	400	1.192462	1.087576	1.319738
1600	650	1.181161	1.082857	1.299095
2150	1450	1.157329	1.072737	1.256404
2150	500	1.185485	1.084666	1.306968
2200	1550	1.153783	1.071211	1.250148
2700	900	1.175901	1.080639	1.289582
2450	300	1.192484	1.087586	1.319777
2250	1300	1.164423	1.075767	1.269003
1700	1400	1.155656	1.072029	1.253435
2750	900	1.173853	1.079768	1.285899
2100	200	1.196847	1.089399	1.327809
2600	500	1.184758	1.084360	1.305645
2800	1200	1.170980	1.078552	1.280734
850	300	1.180136	1.082427	1.297235
900	200	1.187218	1.085392	1.310128
2400	100	1.195341	1.088778	1.325026
2100	0	1.199442	1.090472	1.332608
2700	1300	1.168255	1.077395	1.275851
1850	100	1.200618	1.090959	1.334785
1250	450	1.183726	1.083935	1.303755
2450	200	1.195659	1.088906	1.325620
900	550	1.167072	1.076905	1.273716
950	650	1.173559	1.079660	1.285347
2150	1000	1.170875	1.078511	1.280542
1750	1300	1.152405	1.070624	1.247714
2700	1500	1.166939	1.076839	1.273492
1550	400	1.185791	1.084795	1.307522
700	400	1.173911	1.079804	1.285988
2500	900	1.175641	1.080527	1.289116
1050	700	1.164989	1.076020	1.269997
1950	600	1.184898	1.084428	1.305886
1400	600	1.178109	1.081579	1.293557
1900	1450	1.150083	1.069622	1.243635
1000	100	1.195490	1.088836	1.325306
2000	300	1.193471	1.087998	1.321588
2350	1000	1.173514	1.079629	1.285283
1350	750	1.173800	1.079756	1.285789
1450	200	1.196261	1.089158	1.326724
1600	0	1.200737	1.091007	1.335009
2000	900	1.174387	1.080003	1.286849
2200	1500	1.155877	1.072112	1.253840
2650	0	1.197154	1.089526	1.328378
1450	1100	1.154069	1.071346	1.250635
1500	200	1.200059	1.090727	1.333751
700	450	1.179816	1.082296	1.296651
1250	950	1.167372	1.077036	1.274250
2250	500	1.186927	1.085271	1.309594
1500	1275	1.168952	1.077711	1.277071
1500	800	1.172398	1.079167	1.283260
2050	0	1.198789	1.090201	1.331400
1500	1100	1.155631	1.072013	1.253396
2650	1200	1.168937	1.077688	1.277069
1950	1350	1.156793	1.072508	1.255455
2200	1600	1.150620	1.069851	1.244580
1950	1050	1.170509	1.078356	1.279884
1150	800	1.162307	1.074875	1.265223
1800	1100	1.166042	1.076465	1.271880
1350	700	1.174478	1.080047	1.287004
1650	1250	1.153002	1.070884	1.248760
2450	100	1.198093	1.089915	1.330111
1150	925	1.178905	1.081916	1.294995
1100	600	1.173465	1.079615	1.285184
1500	500	1.186860	1.085243	1.309473
2700	1200	1.170692	1.078432	1.280214
1600	1150	1.157145	1.072668	1.256065
1150	550	1.177493	1.081316	1.292448
2450	800	1.178252	1.081627	1.293834
900	350	1.179460	1.082142	1.296012
2500	800	1.177051	1.081122	1.291660
1200	550	1.178010	1.081534	1.293385
2300	1500	1.157335	1.072735	1.256422
2050	700	1.179711	1.082244	1.296472
1250	550	1.179965	1.082357	1.296923
2400	500	1.187641	1.085566	1.310904
1950	1300	1.159244	1.073563	1.259789
2050	1150	1.168287	1.077416	1.275899
1550	300	1.192206	1.087473	1.319263
1600	400	1.191476	1.087174	1.317914
1950	400	1.189924	1.086524	1.315073
1700	1475	1.163242	1.075277	1.266882
1000	700	1.172410	1.079172	1.283283
1350	1100	1.167279	1.076997	1.274081
1800	1200	1.162867	1.075113	1.266220
2500	500	1.185993	1.084876	1.307896
1350	200	1.196461	1.089239	1.327097
1700	200	1.197998	1.089874	1.329937
1650	600	1.182032	1.083222	1.300678
1600	500	1.185057	1.084494	1.306177
1200	450	1.182849	1.083566	1.302162
750	525	1.183815	1.083977	1.303909
2400	1100	1.171441	1.078749	1.281561
1700	1100	1.163593	1.075421	1.267514
1750	200	1.196696	1.089339	1.327528
1950	500	1.187008	1.085311	1.309734
1150	900	1.174804	1.080187	1.287587
2500	300	1.194357	1.088362	1.323226
2000	1400	1.155325	1.071879	1.252861
2750	500	1.186994	1.085293	1.309725
1050	825	1.181992	1.083214	1.300594
1650	800	1.174488	1.080043	1.287033
950	450	1.175821	1.080611	1.289429
800	500	1.176118	1.080737	1.289965
1850	800	1.174408	1.080011	1.286887
1000	200	1.189691	1.086425	1.314651
2500	700	1.181122	1.082839	1.299028
1200	975	1.178562	1.081773	1.294373
2500	1400	1.165609	1.076273	1.271117
750	500	1.179789	1.082286	1.296599
1400	800	1.171885	1.078946	1.282344
2050	100	1.199952	1.090685	1.333549
1450	1225	1.169201	1.077817	1.277518
1400	500	1.183608	1.083885	1.303540
2250	200	1.197558	1.089692	1.329123
2000	600	1.182424	1.083384	1.301393
1950	0	1.201438	1.091299	1.336303
1550	1150	1.156052	1.072195	1.254138
1900	0	1.202205	1.091614	1.337729
1950	1000	1.172442	1.079177	1.283353
1850	1100	1.170289	1.078267	1.279482
2450	400	1.191769	1.087289	1.318463
2800	1400	1.167254	1.076969	1.274061
2600	1000	1.174134	1.079893	1.286396
2750	1300	1.169950	1.078117	1.278884
2150	100	1.197022	1.089478	1.328122
1150	850	1.169945	1.078129	1.278854
2400	1200	1.170661	1.078418	1.280160
2750	300	1.193753	1.088112	1.322112
1350	850	1.165914	1.076412	1.271650
1950	1550	1.142892	1.066506	1.231065
1750	300	1.194038	1.088234	1.322630
2100	500	1.188178	1.085796	1.311878
2800	800	1.178900	1.081901	1.295005
1600	1100	1.159045	1.073477	1.259436
2550	100	1.198204	1.089958	1.330322
1850	1550	1.150403	1.069763	1.244191
1450	0	1.199454	1.090480	1.332625
2600	1300	1.167441	1.077051	1.274394
2450	1600	1.156932	1.072560	1.255710
1750	1525	1.161132	1.074373	1.263133
2500	0	1.199696	1.090575	1.333082
2400	1600	1.156337	1.072309	1.254654
1450	900	1.168276	1.077416	1.275872
1900	1100	1.165887	1.076395	1.271610
1450	1200	1.167041	1.076899	1.273653
1100	300	1.187170	1.085375	1.310036
1350	800	1.169577	1.077972	1.278198
1550	1325	1.165909	1.076417	1.271630
2700	600	1.184151	1.084107	1.304537
2350	300	1.192748	1.087697	1.320261
1900	100	1.200175	1.090775	1.333967
1850	900	1.171618	1.078835	1.281862
2450	1550	1.159227	1.073546	1.259770
2350	1300	1.167155	1.076929	1.273883
1550	1250	1.159277	1.073583	1.259838
1850	300	1.194541	1.088446	1.323554
1300	400	1.186440	1.085067	1.308706
2800	1600	1.163098	1.075200	1.266648
2250	900	1.176233	1.080778	1.290183
1500	400	1.189116	1.086189	1.313592
1800	300	1.195519	1.088848	1.325360
1500	700	1.176409	1.080855	1.290497
2550	800	1.177420	1.081274	1.292335
2550	1550	1.160801	1.074216	1.262567
1550	1050	1.160328	1.074026	1.261711
1750	1000	1.170454	1.078341	1.279773
1650	850	1.172709	1.079295	1.283825
900	450	1.174542	1.080070	1.287124
850	350	1.177316	1.081239	1.292132
1200	300	1.189206	1.086222	1.313762
1600	200	1.197727	1.089763	1.329436
2700	400	1.191796	1.087301	1.318512
1250	850	1.163461	1.075370	1.267272
2550	200	1.194454	1.088407	1.323396
1300	450	1.184552	1.084280	1.305261
1250	900	1.159762	1.073787	1.260702
1650	1200	1.154270	1.071430	1.250994
1500	750	1.173870	1.079786	1.285913
1500	650	1.178056	1.081557	1.293462
2750	1400	1.168099	1.077331	1.275570
1400	1150	1.170211	1.078245	1.279328
2300	1600	1.152732	1.070762	1.248293
2350	700	1.179185	1.082022	1.295519
2650	400	1.190824	1.086894	1.316731
2100	600	1.183565	1.083863	1.303468
1400	550	1.182828	1.083556	1.302124
2100	1000	1.171725	1.078876	1.282061
2500	600	1.183916	1.084012	1.304104
2750	1000	1.174413	1.080002	1.286910
1100	850	1.176478	1.080893	1.290608
1850	1150	1.163588	1.075418	1.267508
2350	500	1.188698	1.086007	1.312838
650	425	1.182431	1.083393	1.301398
1450	1150	1.160662	1.074174	1.262296
1650	400	1.188517	1.085939	1.312495
950	300	1.183396	1.083791	1.303161
2200	400	1.189863	1.086494	1.314969
2400	600	1.185644	1.084731	1.307258
600	100	1.173722	1.079720	1.285653
1750	850	1.174843	1.080188	1.287680
1900	400	1.188307	1.085848	1.312116
1800	1350	1.151877	1.070398	1.246781
2100	300	1.195317	1.088762	1.324990
2800	0	1.197741	1.089766	1.329467
1150	300	1.188042	1.085737	1.311633
1400	1100	1.161228	1.074418	1.263299
1650	900	1.172005	1.078997	1.282560
2750	1500	1.165130	1.076067	1.270266
1200	800	1.164701	1.075897	1.269484
700	475	1.183568	1.083869	1.303466
1950	900	1.173946	1.079815	1.286055
2750	100	1.197605	1.089714	1.329209
1350	1050	1.164584	1.075848	1.269273
1050	300	1.186983	1.085293	1.309699
1750	1150	1.162953	1.075144	1.266380
2750	600	1.185892	1.084834	1.307712
1300	1050	1.171136	1.078635	1.280990
1750	1450	1.149911	1.069553	1.243325
2050	1500	1.150838	1.069947	1.244961
1600	1350	1.160594	1.074149	1.262171
2550	300	1.194984	1.088626	1.324375
1600	1300	1.156119	1.072226	1.254255
2150	0	1.200671	1.090982	1.334882
850	625	1.184375	1.084211	1.304929
1650	1300	1.148759	1.069053	1.241307
2600	800	1.178029	1.081536	1.293427
2200	900	1.175068	1.080288	1.288081
950	700	1.178253	1.081639	1.293819
2800	600	1.184411	1.084215	1.305012
2800	1000	1.173217	1.079503	1.284748
2400	1500	1.161173	1.074379	1.263223
750	400	1.167269	1.076988	1.274070
1200	100	1.200263	1.090812	1.334128
1900	300	1.196389	1.089213	1.326960
1800	1450	1.147508	1.068510	1.239120
1900	500	1.185019	1.084471	1.306117
1700	950	1.170536	1.078372	1.279927
1300	200	1.195602	1.088883	1.325512
2200	600	1.181186	1.082864	1.299146
2000	1550	1.146166	1.067926	1.236776
2300	1350	1.165928	1.076407	1.271690
900	400	1.176830	1.081035	1.291254
800	450	1.167350	1.077022	1.274215
1650	0	1.202507	1.091735	1.338295
1400	0	1.201755	1.091432	1.336889
1000	450	1.177928	1.081498	1.293237
2150	1300	1.165128	1.076067	1.270260
1600	750	1.177343	1.081251	1.292180
1550	1300	1.163575	1.075421	1.267472
1350	650	1.177792	1.081438	1.292996
2750	200	1.196077	1.089081	1.326386
1200	950	1.172639	1.079273	1.283690
2100	1500	1.152188	1.070526	1.247339
1400	450	1.186494	1.085093	1.308801
1900	1000	1.170075	1.078175	1.279101
2050	900	1.175034	1.080274	1.288017
600	350	1.176061	1.080713	1.289860
2050	1350	1.157279	1.072718	1.256313
2550	1300	1.167362	1.077018	1.274250
2500	100	1.198308	1.090005	1.330509
1100	550	1.176243	1.080790	1.290191
1700	1200	1.156679	1.072461	1.255251
2700	200	1.195873	1.088995	1.326014
1850	200	1.197991	1.089870	1.329925
1100	100	1.198345	1.090018	1.330579
1300	550	1.181197	1.082876	1.299155
950	550	1.169974	1.078138	1.278911
1750	1200	1.158057	1.073051	1.257689
2800	1500	1.165423	1.076195	1.270784
2000	1150	1.167253	1.076976	1.274051
2250	1250	1.163413	1.075336	1.267205
1250	400	1.186003	1.084888	1.307903
2200	1000	1.172891	1.079364	1.284164
950	600	1.165163	1.076092	1.270309
750	350	1.171154	1.078635	1.281034
1450	650	1.178660	1.081807	1.294561
1500	950	1.166870	1.076817	1.273361
2250	1500	1.157442	1.072781	1.256610
1250	650	1.175347	1.080411	1.288575
1450	750	1.172599	1.079249	1.283628
1000	775	1.182235	1.083316	1.301034
1450	950	1.163386	1.075333	1.267146
2550	1100	1.171753	1.078876	1.282128
900	650	1.179765	1.082277	1.296554
2550	1000	1.173923	1.079801	1.286019
2600	1100	1.171401	1.078738	1.281479
2500	1600	1.157984	1.073016	1.257566
2250	1200	1.168828	1.077643	1.276871
2000	1300	1.161372	1.074467	1.263573
1650	100	1.201121	1.091169	1.335715
1050	450	1.179109	1.081995	1.295375
2150	1250	1.165514	1.076239	1.270940
2350	800	1.176402	1.080845	1.290493
1550	750	1.175540	1.080491	1.288926
2000	1500	1.150044	1.069605	1.243566
1600	1250	1.150216	1.069681	1.243864
950	500	1.172431	1.079177	1.283326
1300	900	1.161054	1.074341	1.262994
650	400	1.177752	1.081427	1.292915
1900	600	1.183453	1.083815	1.303266
2400	1300	1.166023	1.076447	1.271859
1850	1500	1.144324	1.067130	1.233557
1250	100	1.198629	1.090139	1.331100
850	400	1.174007	1.079842	1.286164
850	550	1.175027	1.080277	1.287995
1300	1000	1.166276	1.076569	1.272293
2100	100	1.200792	1.091032	1.335107
1700	700	1.179022	1.081958	1.295219
2250	100	1.198737	1.090180	1.331305
1750	1350	1.151206	1.070105	1.245609
2500	400	1.188415	1.085892	1.312315
2650	1000	1.173647	1.079687	1.285520
1550	650	1.180427	1.082550	1.297762
1900	1300	1.157691	1.072898	1.257037
600	300	1.171362	1.078726	1.281404
1200	750	1.168287	1.077422	1.275890
1700	400	1.185609	1.084726	1.307181
2750	0	1.197720	1.089761	1.329422
1000	750	1.177666	1.081393	1.292756
1400	200	1.197647	1.089730	1.329288
2100	1400	1.157165	1.072668	1.256112
2350	900	1.174761	1.080154	1.287533
1450	300	1.194192	1.088296	1.322918
1450	600	1.179948	1.082349	1.296892
2400	400	1.191102	1.087012	1.317238
2650	100	1.197955	1.089856	1.329859
1500	0	1.203102	1.091985	1.339393
800	350	1.174638	1.080110	1.287298
1500	300	1.193796	1.088131	1.322189
1900	200	1.196509	1.089260	1.327185
2250	700	1.179111	1.081994	1.295382
2050	200	1.200110	1.090746	1.333850
1700	0	1.201525	1.091331	1.336470
1500	900	1.169274	1.077834	1.277668
1750	600	1.182150	1.083268	1.300897
2650	300	1.194244	1.088316	1.323016
950	400	1.178890	1.081903	1.294978
2100	1450	1.153094	1.070916	1.248932
1800	1000	1.168468	1.077493	1.276221
2700	800	1.178355	1.081669	1.294021
2150	1550	1.152029	1.070461	1.247054
2600	400	1.191304	1.087097	1.317607
1800	100	1.198043	1.089897	1.330015
2800	1100	1.172443	1.079176	1.283356
1700	1300	1.149795	1.069501	1.243124
2450	1100	1.171827	1.078914	1.282251
1900	900	1.175224	1.080353	1.288361
2500	1000	1.173929	1.079808	1.286025
2400	300	1.192159	1.087448	1.319184
1000	0	1.197919	1.089843	1.329790
1750	400	1.188371	1.085875	1.312233
2100	1550	1.150329	1.069725	1.244070
1950	1500	1.147967	1.068710	1.239922
1200	0	1.202481	1.091730	1.338240
2450	1300	1.167201	1.076951	1.273960
1050	650	1.167180	1.076952	1.273910
2250	0	1.198640	1.090143	1.331121
2600	200	1.195279	1.088750	1.324915
1200	600	1.175734	1.080572	1.289276
2150	1150	1.168168	1.077363	1.275688
2150	1400	1.159833	1.073808	1.260841
2300	600	1.181894	1.083159	1.300434
2700	300	1.194890	1.088586	1.324202
2650	500	1.188196	1.085800	1.311916
2650	600	1.184029	1.084057	1.304312
2350	100	1.197682	1.089744	1.329353
2800	1300	1.171267	1.078673	1.281250
1700	1050	1.165237	1.076119	1.270449
2700	500	1.188039	1.085729	1.311637
1750	700	1.178341	1.081668	1.293989
2700	700	1.181991	1.083201	1.300609
1650	300	1.192999	1.087804	1.320717
1900	800	1.178614	1.081785	1.294481
1700	100	1.201985	1.091519	1.337328
1550	550	1.182635	1.083478	1.301768
800	550	1.180557	1.082607	1.297995
800	400	1.171597	1.078825	1.281827
1800	850	1.175097	1.080301	1.288130
800	100	1.188784	1.086046	1.312991
1850	400	1.189139	1.086196	1.313638
1600	1000	1.166559	1.076683	1.272805
1600	700	1.178814	1.081874	1.294836
1950	1100	1.169167	1.077792	1.277469
1400	1000	1.159523	1.073684	1.260278
1550	1200	1.152695	1.070758	1.248211
1800	1550	1.157533	1.072833	1.256753
2550	1500	1.163096	1.075203	1.266637
1400	400	1.187266	1.085414	1.310213
1950	1250	1.161536	1.074541	1.263858
1950	200	1.198082	1.089909	1.330093
2300	1000	1.172710	1.079286	1.283840
2300	900	1.174749	1.080149	1.287510
2050	1100	1.171255	1.078675	1.281219
2250	1600	1.152534	1.070673	1.247950
2050	1550	1.150886	1.069968	1.245045
2250	1350	1.164517	1.075810	1.269168
2350	200	1.195625	1.088887	1.325563
1700	800	1.174329	1.079978	1.286744
1750	1400	1.145647	1.067707	1.235862
2800	700	1.181843	1.083137	1.300343
2650	800	1.178416	1.081697	1.294130
2600	300	1.195031	1.088639	1.324472
2550	1200	1.169435	1.077903	1.277956
2000	1600	1.143102	1.066598	1.231429
1700	1000	1.167432	1.077057	1.274364
1250	800	1.164324	1.075735	1.268813
2200	1250	1.167131	1.076920	1.273838
1200	500	1.181188	1.082869	1.299144
1900	700	1.177823	1.081453	1.293049
1700	1150	1.158905	1.073418	1.259187
1550	950	1.167730	1.077188	1.274890
1300	500	1.181555	1.083026	1.299806
1450	100	1.199252	1.090400	1.332248
1750	500	1.186037	1.084900	1.307969
1450	400	1.189725	1.086443	1.314706
2450	500	1.185882	1.084831	1.307691
1850	1250	1.158999	1.073457	1.259356
2500	1500	1.162800	1.075072	1.266117
2350	0	1.197239	1.089563	1.328531
2250	800	1.177244	1.081206	1.292006
700	200	1.176787	1.081016	1.291177
2550	1400	1.165503	1.076224	1.270934
2000	1200	1.163807	1.075511	1.267897
2500	1300	1.170865	1.078507	1.280523
2600	700	1.179678	1.082228	1.296414
1000	300	1.184906	1.084427	1.305905
2100	1250	1.165429	1.076201	1.270791
1650	750	1.177552	1.081338	1.292560
1550	1100	1.156604	1.072429	1.255118
1600	1200	1.153669	1.071171	1.249934
2200	1100	1.169864	1.078085	1.278723
1750	1500	1.157263	1.072723	1.256268
2050	1050	1.169674	1.078002	1.278386
2150	1350	1.160496	1.074095	1.262015
2350	1600	1.154434	1.071493	1.251294
1050	600	1.170550	1.078382	1.279945
1750	1250	1.156213	1.072264	1.254423
1200	650	1.173331	1.079561	1.284940
850	450	1.171309	1.078702	1.281310
850	600	1.180013	1.082381	1.297005
1250	350	1.188026	1.085734	1.311598
650	300	1.166565	1.076687	1.272815
1700	300	1.196181	1.089121	1.326584
1650	700	1.180006	1.082375	1.296995
2550	700	1.178922	1.081915	1.295039
1150	600	1.174906	1.080224	1.287779
700	300	1.170882	1.078522	1.280541
1500	550	1.180332	1.082512	1.297588
1100	0	1.200309	1.090831	1.334214
2350	1100	1.171694	1.078863	1.282003
1700	1350	1.148209	1.068816	1.240345
1550	850	1.172964	1.079406	1.284281
1400	1050	1.156473	1.072381	1.254875
1950	950	1.172371	1.079153	1.283217
1400	750	1.172557	1.079233	1.283549
2100	700	1.179819	1.082290	1.296666
1100	350	1.186345	1.085029	1.308530
2150	1100	1.170991	1.078558	1.280753
1850	1350	1.154146	1.071374	1.250780
2550	1600	1.160675	1.074169	1.262334
1800	900	1.173710	1.079718	1.285625
2600	600	1.183357	1.083771	1.303097
700	350	1.166355	1.076601	1.272437
1150	750	1.165095	1.076065	1.270188
2300	400	1.188541	1.085943	1.312548
1800	0	1.202269	1.091641	1.337848
1250	500	1.181432	1.082970	1.299588
800	300	1.177769	1.081429	1.292952
2450	1200	1.169265	1.077828	1.277654
2100	1100	1.169928	1.078111	1.278840
1700	1250	1.152998	1.070883	1.248751
1000	500	1.175409	1.080435	1.288688
1050	750	1.171881	1.078949	1.282330
1800	1250	1.157812	1.072945	1.257257
1900	1400	1.153373	1.071041	1.249416
2800	900	1.177847	1.081456	1.293103
2650	700	1.182447	1.083389	1.301443
2150	800	1.175514	1.080471	1.288890
2150	400	1.190671	1.086832	1.316448
1150	700	1.168984	1.077717	1.277138
1800	950	1.172281	1.079110	1.283060
2300	1200	1.168564	1.077527	1.276403
2650	900	1.175483	1.080460	1.288833
2700	100	1.197682	1.089745	1.329351
2150	600	1.183029	1.083641	1.302490
2600	900	1.175636	1.080526	1.289106
2050	400	1.190834	1.086900	1.316747
2800	200	1.194973	1.088619	1.324357
2000	1450	1.153602	1.071138	1.249824
2200	0	1.196963	1.089443	1.328031
2050	1000	1.172989	1.079410	1.284333
1750	1050	1.166539	1.076676	1.272768
2350	400	1.189354	1.086281	1.314038
2050	1300	1.163260	1.075275	1.266928
1350	350	1.188032	1.085735	1.311612
1300	650	1.175397	1.080431	1.288666
2200	300	1.194743	1.088525	1.323930
1100	400	1.182656	1.083485	1.301811
2650	1500	1.166515	1.076655	1.272740
1650	1000	1.168547	1.077529	1.276359
1800	1050	1.168220	1.077391	1.275773
2650	1300	1.166361	1.076592	1.272463
1800	400	1.190747	1.086869	1.316580
750	300	1.174155	1.079905	1.286429
2800	300	1.192990	1.087792	1.320714
900	300	1.181849	1.083146	1.300346
1350	300	1.191678	1.087257	1.318289
2200	800	1.175612	1.080517	1.289061
1650	950	1.168458	1.077492	1.276200
2400	900	1.173702	1.079704	1.285628
2150	700	1.177950	1.081503	1.293283
1000	650	1.165338	1.076168	1.270620
1800	500	1.185821	1.084808	1.307577
2300	700	1.180763	1.082687	1.298376
2000	400	1.189893	1.086508	1.315021
2450	1500	1.161533	1.074534	1.263862
1400	1175	1.174083	1.079883	1.286288
700	0	1.187235	1.085398	1.310161
1400	950	1.160771	1.074219	1.262493
2050	500	1.185437	1.084644	1.306881
1750	0	1.201137	1.091172	1.335748
1350	1000	1.158380	1.073195	1.258255
1550	700	1.178285	1.081649	1.293882
1200	400	1.185864	1.084828	1.307654
2300	1400	1.161751	1.074628	1.264247
2400	1000	1.173226	1.079509	1.284762
1850	1600	1.155314	1.071881	1.252833
1750	950	1.172378	1.079156	1.283228
2050	1450	1.156525	1.072391	1.254984
1850	1000	1.170640	1.078418	1.280110
2000	800	1.178456	1.081717	1.294196
2300	1550	1.158703	1.073321	1.258843
800	575	1.184687	1.084340	1.305501
1850	1450	1.147131	1.068342	1.238467
2800	500	1.188941	1.086108	1.313282
2450	1450	1.164232	1.075686	1.268663
1100	500	1.178022	1.081539	1.293406
2250	1450	1.159601	1.073705	1.260435
2200	1200	1.167668	1.077148	1.274798
1700	750	1.177347	1.081250	1.292190
1250	0	1.201688	1.091401	1.336769
1250	600	1.176540	1.080912	1.290731
1500	1050	1.161413	1.074490	1.263637
1450	450	1.185633	1.084730	1.307233
2650	1400	1.166709	1.076738	1.273087
2400	200	1.194836	1.088567	1.324097
2550	600	1.184058	1.084070	1.304364
2450	1400	1.163615	1.075422	1.267565
1350	550	1.179497	1.082159	1.296077
2000	1250	1.164789	1.075928	1.269649
2300	0	1.197804	1.089797	1.329574
1300	1075	1.174236	1.079948	1.286564
1550	100	1.200441	1.090888	1.334455
1000	550	1.172291	1.079119	1.283072
2750	800	1.178988	1.081937	1.295165
1800	600	1.184148	1.084109	1.304526
1700	1450	1.157743	1.072925	1.257124
1900	1600	1.149017	1.069165	1.241760
2200	1350	1.163196	1.075242	1.266820
1800	1500	1.152092	1.070489	1.247162
2450	900	1.175028	1.080270	1.288008
1550	600	1.182101	1.083256	1.300796
1050	350	1.183780	1.083955	1.303855
2150	300	1.193328	1.087940	1.321324
1250	750	1.168406	1.077472	1.276104
850	500	1.166925	1.076844	1.273453
2100	800	1.177327	1.081239	1.292160
600	0	1.179251	1.082051	1.295637
2400	700	1.179989	1.082358	1.296979
1850	500	1.185947	1.084860	1.307808
1800	1150	1.163214	1.075252	1.266850
1050	800	1.177472	1.081312	1.292404
1850	950	1.172887	1.079368	1.284149
2350	1350	1.165901	1.076399	1.271636
2300	1300	1.164803	1.075928	1.269684
1750	800	1.178438	1.081711	1.294163
2300	100	1.198425	1.090053	1.330724
2700	1600	1.163077	1.075191	1.266609
1400	700	1.175458	1.080457	1.288777
1200	200	1.194520	1.088436	1.323514
1600	850	1.174657	1.080122	1.287328
1400	100	1.200918	1.091085	1.335339
1350	500	1.184010	1.084054	1.304271
800	0	1.192285	1.087502	1.319412
2000	500	1.184854	1.084403	1.305815
2350	600	1.181733	1.083095	1.300138
1900	1500	1.145551	1.067664	1.235697
2750	1200	1.170251	1.078242	1.279428
1450	700	1.175634	1.080528	1.289099
1950	1600	1.141695	1.065986	1.228979
1450	1000	1.159452	1.073655	1.260152
1500	100	1.199620	1.090550	1.332932
1300	950	1.158334	1.073177	1.258171
1750	1100	1.163619	1.075430	1.267564
1250	1025	1.177238	1.081219	1.291974
1500	1000	1.161256	1.074428	1.263351
2750	400	1.192201	1.087466	1.319261
1600	1375	1.164630	1.075870	1.269352
1100	650	1.169893	1.078104	1.278766
1650	650	1.179607	1.082206	1.296274
2600	1500	1.162491	1.074943	1.265564
1100	200	1.192542	1.087613	1.319879
1350	900	1.163767	1.075496	1.267822
2350	1450	1.162677	1.075020	1.265898
2750	1600	1.162344	1.074871	1.265316
2250	1000	1.170683	1.078430	1.280195
2450	600	1.182432	1.083385	1.301412
1950	1150	1.165408	1.076188	1.270757
2700	1400	1.168081	1.077324	1.275537
1750	900	1.172252	1.079097	1.283009
2300	500	1.186612	1.085133	1.309030
2050	600	1.182535	1.083430	1.301596
1400	900	1.165651	1.076301	1.271179
1400	850	1.168248	1.077406	1.275821
1350	100	1.198469	1.090067	1.330810
1750	100	1.198342	1.090024	1.330563
1200	350	1.187989	1.085719	1.311529
1300	0	1.203291	1.092062	1.339747
1950	300	1.194879	1.088585	1.324176
1950	1200	1.164851	1.075949	1.269767
1800	700	1.179545	1.082177	1.296166
1650	200	1.196580	1.089290	1.327313
900	0	1.195466	1.088826	1.325264
2600	100	1.198527	1.090097	1.330911
900	100	1.192403	1.087553	1.319627
1650	1100	1.159596	1.073710	1.260417
2550	0	1.196175	1.089119	1.326570
1250	1000	1.171794	1.078915	1.282171
2000	1000	1.172381	1.079152	1.283241
2200	1400	1.158939	1.073423	1.259260
2350	1500	1.159834	1.073805	1.260848
2350	1550	1.158472	1.073221	1.258436
1850	1200	1.163225	1.075265	1.266858
1700	500	1.185167	1.084535	1.306384
1100	700	1.167059	1.076900	1.273693
2300	200	1.195274	1.088747	1.324907
2350	1200	1.169157	1.077784	1.277457
2600	1600	1.160922	1.074272	1.262777
650	350	1.173554	1.079653	1.285345
1100	750	1.164364	1.075753	1.268884
2200	200	1.196500	1.089253	1.327172
2250	600	1.183325	1.083760	1.303036
2400	1450	1.162626	1.075002	1.265802
1850	0	1.199550	1.090517	1.332807
2000	100	1.200521	1.090917	1.334610
1650	1050	1.162549	1.074975	1.265657
1900	950	1.170323	1.078281	1.279546
1000	350	1.183262	1.083739	1.302914
2200	500	1.185700	1.084760	1.307354
2050	300	1.192492	1.087593	1.319787
1800	1575	1.162198	1.074830	1.265025
1400	300	1.191911	1.087354	1.318716
