#mGo	mLSP	Total	TotGenW	Counts	genWeight
1800	200	44775926	44775926.000	30897	30897.000
600	200	44775926	44775926.000	552100	552100.000
1950	800	44775926	44775926.000	25391	25391.000
1850	1400	44775926	44775926.000	28746	28746.000
2500	1200	44775926	44775926.000	21286	21286.000
1150	450	44775926	44775926.000	127697	127697.000
2250	300	44775926	44775926.000	18317	18317.000
2250	1100	44775926	44775926.000	31448	31448.000
1300	700	44775926	44775926.000	47349	47349.000
1250	300	44775926	44775926.000	60904	60904.000
600	375	44775926	44775926.000	550422	550422.000
1600	100	44775926	44775926.000	23342	23342.000
1050	400	44775926	44775926.000	195949	195949.000
2000	700	44775926	44775926.000	25080	25080.000
1200	850	44775926	44775926.000	90714	90714.000
2100	400	44775926	44775926.000	20172	20172.000
2550	500	44775926	44775926.000	28102	28102.000
2400	0	44775926	44775926.000	29997	29997.000
2050	1600	44775926	44775926.000	33090	33090.000
2100	1300	44775926	44775926.000	30356	30356.000
2200	1450	44775926	44775926.000	30977	30977.000
1950	1450	44775926	44775926.000	23108	23108.000
1150	400	44775926	44775926.000	129224	129224.000
1450	800	44775926	44775926.000	25932	25932.000
2000	1100	44775926	44775926.000	24355	24355.000
1300	750	44775926	44775926.000	49339	49339.000
1350	1125	44775926	44775926.000	28508	28508.000
1850	850	44775926	44775926.000	20295	20295.000
1800	1300	44775926	44775926.000	22308	22308.000
2400	800	44775926	44775926.000	21779	21779.000
1100	800	44775926	44775926.000	166804	166804.000
1900	1050	44775926	44775926.000	23592	23592.000
2700	1100	44775926	44775926.000	24402	24402.000
1850	700	44775926	44775926.000	26476	26476.000
2700	1000	44775926	44775926.000	24402	24402.000
1300	800	44775926	44775926.000	45838	45838.000
2600	1400	44775926	44775926.000	35252	35252.000
2100	1350	44775926	44775926.000	30857	30857.000
900	675	44775926	44775926.000	192589	192589.000
1650	1150	44775926	44775926.000	15493	15493.000
2550	400	44775926	44775926.000	21760	21760.000
1950	1400	44775926	44775926.000	25631	25631.000
1500	600	44775926	44775926.000	24118	24118.000
1600	950	44775926	44775926.000	22499	22499.000
2300	1100	44775926	44775926.000	17734	17734.000
1500	1200	44775926	44775926.000	24387	24387.000
1700	850	44775926	44775926.000	26869	26869.000
950	350	44775926	44775926.000	211621	211621.000
2000	200	44775926	44775926.000	26915	26915.000
2800	100	44775926	44775926.000	22718	22718.000
2100	1150	44775926	44775926.000	24323	24323.000
1650	1350	44775926	44775926.000	23642	23642.000
1100	875	44775926	44775926.000	161870	161870.000
900	600	44775926	44775926.000	202152	202152.000
1300	850	44775926	44775926.000	50378	50378.000
1050	550	44775926	44775926.000	194464	194464.000
1350	600	44775926	44775926.000	34490	34490.000
2000	1350	44775926	44775926.000	19397	19397.000
700	100	44775926	44775926.000	214441	214441.000
1550	900	44775926	44775926.000	16535	16535.000
1150	350	44775926	44775926.000	131150	131150.000
2500	1550	44775926	44775926.000	19583	19583.000
2350	1400	44775926	44775926.000	23298	23298.000
2100	1600	44775926	44775926.000	25272	25272.000
1500	1250	44775926	44775926.000	31185	31185.000
2500	1100	44775926	44775926.000	19530	19530.000
1400	650	44775926	44775926.000	23053	23053.000
1100	450	44775926	44775926.000	170233	170233.000
2300	300	44775926	44775926.000	33592	33592.000
2600	1200	44775926	44775926.000	36290	36290.000
2750	700	44775926	44775926.000	25599	25599.000
2150	1500	44775926	44775926.000	17750	17750.000
1800	800	44775926	44775926.000	20112	20112.000
1550	1000	44775926	44775926.000	20991	20991.000
2550	900	44775926	44775926.000	25354	25354.000
1150	650	44775926	44775926.000	116385	116385.000
2450	700	44775926	44775926.000	18253	18253.000
1450	1050	44775926	44775926.000	20306	20306.000
1950	100	44775926	44775926.000	22403	22403.000
800	200	44775926	44775926.000	206540	206540.000
1550	200	44775926	44775926.000	32571	32571.000
1300	300	44775926	44775926.000	40499	40499.000
2650	1600	44775926	44775926.000	35879	35879.000
1700	900	44775926	44775926.000	28212	28212.000
1900	1350	44775926	44775926.000	23647	23647.000
1200	700	44775926	44775926.000	90025	90025.000
2600	0	44775926	44775926.000	33161	33161.000
1350	950	44775926	44775926.000	44302	44302.000
2050	1200	44775926	44775926.000	31290	31290.000
2100	900	44775926	44775926.000	29528	29528.000
1600	1050	44775926	44775926.000	29389	29389.000
2750	1100	44775926	44775926.000	36437	36437.000
2650	1100	44775926	44775926.000	25022	25022.000
1200	900	44775926	44775926.000	90742	90742.000
2400	1550	44775926	44775926.000	25440	25440.000
2200	700	44775926	44775926.000	29184	29184.000
1300	350	44775926	44775926.000	55310	55310.000
1600	300	44775926	44775926.000	30387	30387.000
1550	800	44775926	44775926.000	20010	20010.000
1600	900	44775926	44775926.000	25498	25498.000
2050	1400	44775926	44775926.000	19508	19508.000
2100	1200	44775926	44775926.000	22630	22630.000
1650	500	44775926	44775926.000	21480	21480.000
900	500	44775926	44775926.000	197302	197302.000
2450	0	44775926	44775926.000	26711	26711.000
1600	600	44775926	44775926.000	18157	18157.000
2150	200	44775926	44775926.000	20307	20307.000
1650	1400	44775926	44775926.000	20403	20403.000
1900	1200	44775926	44775926.000	18845	18845.000
1950	700	44775926	44775926.000	27269	27269.000
1350	450	44775926	44775926.000	37422	37422.000
1800	1400	44775926	44775926.000	24801	24801.000
1700	600	44775926	44775926.000	23192	23192.000
2800	400	44775926	44775926.000	21711	21711.000
1900	1250	44775926	44775926.000	23814	23814.000
1300	600	44775926	44775926.000	44774	44774.000
1250	200	44775926	44775926.000	70180	70180.000
2500	200	44775926	44775926.000	26140	26140.000
1650	1425	44775926	44775926.000	28729	28729.000
2200	100	44775926	44775926.000	19909	19909.000
2650	200	44775926	44775926.000	15481	15481.000
2250	1550	44775926	44775926.000	22628	22628.000
1150	500	44775926	44775926.000	135384	135384.000
2450	1000	44775926	44775926.000	17557	17557.000
1350	400	44775926	44775926.000	40983	40983.000
1450	500	44775926	44775926.000	28919	28919.000
1000	600	44775926	44775926.000	209152	209152.000
1050	500	44775926	44775926.000	211259	211259.000
2300	1450	44775926	44775926.000	26479	26479.000
2250	1400	44775926	44775926.000	26154	26154.000
1750	750	44775926	44775926.000	26514	26514.000
2050	800	44775926	44775926.000	25626	25626.000
2050	1250	44775926	44775926.000	31241	31241.000
2150	1600	44775926	44775926.000	38153	38153.000
1850	600	44775926	44775926.000	26135	26135.000
1600	800	44775926	44775926.000	32853	32853.000
1250	700	44775926	44775926.000	58862	58862.000
1850	1050	44775926	44775926.000	25502	25502.000
2700	0	44775926	44775926.000	24328	24328.000
1900	1150	44775926	44775926.000	22101	22101.000
2300	800	44775926	44775926.000	18431	18431.000
1550	500	44775926	44775926.000	26596	26596.000
750	450	44775926	44775926.000	205445	205445.000
2200	1300	44775926	44775926.000	33646	33646.000
2000	1050	44775926	44775926.000	17971	17971.000
1500	850	44775926	44775926.000	19187	19187.000
2150	1200	44775926	44775926.000	22168	22168.000
1500	1150	44775926	44775926.000	24907	24907.000
2150	900	44775926	44775926.000	23585	23585.000
1450	550	44775926	44775926.000	25514	25514.000
1350	0	44775926	44775926.000	33321	33321.000
1450	850	44775926	44775926.000	21927	21927.000
1550	0	44775926	44775926.000	20852	20852.000
2000	0	44775926	44775926.000	22736	22736.000
1300	100	44775926	44775926.000	52638	52638.000
950	725	44775926	44775926.000	210727	210727.000
1850	1300	44775926	44775926.000	23388	23388.000
1000	400	44775926	44775926.000	194853	194853.000
1900	1550	44775926	44775926.000	31565	31565.000
2400	1400	44775926	44775926.000	15308	15308.000
2250	400	44775926	44775926.000	27784	27784.000
1600	650	44775926	44775926.000	32793	32793.000
2150	1450	44775926	44775926.000	27319	27319.000
2150	500	44775926	44775926.000	23017	23017.000
2200	1550	44775926	44775926.000	23980	23980.000
2700	900	44775926	44775926.000	24168	24168.000
2450	300	44775926	44775926.000	29570	29570.000
2250	1300	44775926	44775926.000	22638	22638.000
1700	1400	44775926	44775926.000	25458	25458.000
2750	900	44775926	44775926.000	23567	23567.000
2100	200	44775926	44775926.000	21712	21712.000
2600	500	44775926	44775926.000	22061	22061.000
2800	1200	44775926	44775926.000	18029	18029.000
850	300	44775926	44775926.000	159599	159599.000
900	200	44775926	44775926.000	204766	204766.000
2400	100	44775926	44775926.000	27119	27119.000
2100	0	44775926	44775926.000	22584	22584.000
2700	1300	44775926	44775926.000	19547	19547.000
1850	100	44775926	44775926.000	21822	21822.000
1250	450	44775926	44775926.000	65574	65574.000
2450	200	44775926	44775926.000	22931	22931.000
900	550	44775926	44775926.000	192651	192651.000
950	650	44775926	44775926.000	205995	205995.000
2150	1000	44775926	44775926.000	25596	25596.000
1750	1300	44775926	44775926.000	30380	30380.000
2700	1500	44775926	44775926.000	24523	24523.000
1550	400	44775926	44775926.000	25219	25219.000
700	400	44775926	44775926.000	221474	221474.000
2500	900	44775926	44775926.000	20435	20435.000
1050	700	44775926	44775926.000	190972	190972.000
1950	600	44775926	44775926.000	25615	25615.000
1400	600	44775926	44775926.000	25271	25271.000
1900	1450	44775926	44775926.000	22019	22019.000
1000	100	44775926	44775926.000	185993	185993.000
2000	300	44775926	44775926.000	24485	24485.000
2350	1000	44775926	44775926.000	22420	22420.000
1350	750	44775926	44775926.000	39678	39678.000
1450	200	44775926	44775926.000	25392	25392.000
1600	0	44775926	44775926.000	31538	31538.000
2000	900	44775926	44775926.000	30781	30781.000
2200	1500	44775926	44775926.000	20731	20731.000
2650	0	44775926	44775926.000	31834	31834.000
1450	1100	44775926	44775926.000	26848	26848.000
1500	200	44775926	44775926.000	24316	24316.000
700	450	44775926	44775926.000	222143	222143.000
1250	950	44775926	44775926.000	60012	60012.000
2250	500	44775926	44775926.000	26089	26089.000
1500	1275	44775926	44775926.000	28447	28447.000
1500	800	44775926	44775926.000	26274	26274.000
2050	0	44775926	44775926.000	28755	28755.000
1500	1100	44775926	44775926.000	25132	25132.000
2650	1200	44775926	44775926.000	32809	32809.000
1950	1350	44775926	44775926.000	28027	28027.000
2200	1600	44775926	44775926.000	13767	13767.000
1950	1050	44775926	44775926.000	12050	12050.000
1150	800	44775926	44775926.000	139275	139275.000
1800	1100	44775926	44775926.000	27659	27659.000
1350	700	44775926	44775926.000	43536	43536.000
1650	1250	44775926	44775926.000	30250	30250.000
2450	100	44775926	44775926.000	13834	13834.000
1150	925	44775926	44775926.000	142783	142783.000
1100	600	44775926	44775926.000	175264	175264.000
1500	500	44775926	44775926.000	26258	26258.000
2700	1200	44775926	44775926.000	22540	22540.000
1600	1150	44775926	44775926.000	28298	28298.000
1150	550	44775926	44775926.000	132031	132031.000
2450	800	44775926	44775926.000	17540	17540.000
900	350	44775926	44775926.000	216030	216030.000
2500	800	44775926	44775926.000	17511	17511.000
1200	550	44775926	44775926.000	83424	83424.000
2300	1500	44775926	44775926.000	25524	25524.000
2050	700	44775926	44775926.000	27342	27342.000
1250	550	44775926	44775926.000	64657	64657.000
2400	500	44775926	44775926.000	22771	22771.000
1950	1300	44775926	44775926.000	24883	24883.000
2050	1150	44775926	44775926.000	31325	31325.000
1550	300	44775926	44775926.000	23075	23075.000
1600	400	44775926	44775926.000	27915	27915.000
1950	400	44775926	44775926.000	20681	20681.000
1700	1475	44775926	44775926.000	22394	22394.000
1000	700	44775926	44775926.000	184697	184697.000
1350	1100	44775926	44775926.000	36366	36366.000
1800	1200	44775926	44775926.000	24654	24654.000
2500	500	44775926	44775926.000	27761	27761.000
1350	200	44775926	44775926.000	35981	35981.000
1700	200	44775926	44775926.000	24749	24749.000
1650	600	44775926	44775926.000	25180	25180.000
1600	500	44775926	44775926.000	26256	26256.000
1200	450	44775926	44775926.000	82142	82142.000
750	525	44775926	44775926.000	192673	192673.000
2400	1100	44775926	44775926.000	26311	26311.000
1700	1100	44775926	44775926.000	20686	20686.000
1750	200	44775926	44775926.000	21300	21300.000
1950	500	44775926	44775926.000	31228	31228.000
1150	900	44775926	44775926.000	139060	139060.000
2500	300	44775926	44775926.000	29021	29021.000
2000	1400	44775926	44775926.000	30040	30040.000
2750	500	44775926	44775926.000	20730	20730.000
1050	825	44775926	44775926.000	215376	215376.000
1650	800	44775926	44775926.000	20765	20765.000
950	450	44775926	44775926.000	195070	195070.000
800	500	44775926	44775926.000	193015	193015.000
1850	800	44775926	44775926.000	31110	31110.000
1000	200	44775926	44775926.000	198985	198985.000
2500	700	44775926	44775926.000	27113	27113.000
1200	975	44775926	44775926.000	75643	75643.000
2500	1400	44775926	44775926.000	32592	32592.000
750	500	44775926	44775926.000	189487	189487.000
1400	800	44775926	44775926.000	23762	23762.000
2050	100	44775926	44775926.000	24704	24704.000
1450	1225	44775926	44775926.000	26945	26945.000
1400	500	44775926	44775926.000	26417	26417.000
2250	200	44775926	44775926.000	29390	29390.000
2000	600	44775926	44775926.000	34778	34778.000
1950	0	44775926	44775926.000	25465	25465.000
1550	1150	44775926	44775926.000	24350	24350.000
1900	0	44775926	44775926.000	30827	30827.000
1950	1000	44775926	44775926.000	20879	20879.000
1850	1100	44775926	44775926.000	22517	22517.000
2450	400	44775926	44775926.000	25736	25736.000
2800	1400	44775926	44775926.000	22062	22062.000
2600	1000	44775926	44775926.000	15170	15170.000
2750	1300	44775926	44775926.000	20570	20570.000
2150	100	44775926	44775926.000	20421	20421.000
1150	850	44775926	44775926.000	129735	129735.000
2400	1200	44775926	44775926.000	24493	24493.000
2750	300	44775926	44775926.000	18726	18726.000
1350	850	44775926	44775926.000	35390	35390.000
1950	1550	44775926	44775926.000	27411	27411.000
1750	300	44775926	44775926.000	37700	37700.000
2100	500	44775926	44775926.000	24365	24365.000
2800	800	44775926	44775926.000	27973	27973.000
1600	1100	44775926	44775926.000	25485	25485.000
2550	100	44775926	44775926.000	25420	25420.000
1850	1550	44775926	44775926.000	19436	19436.000
1450	0	44775926	44775926.000	25457	25457.000
2600	1300	44775926	44775926.000	25529	25529.000
2450	1600	44775926	44775926.000	20129	20129.000
1750	1525	44775926	44775926.000	22834	22834.000
2500	0	44775926	44775926.000	24058	24058.000
2400	1600	44775926	44775926.000	35213	35213.000
1450	900	44775926	44775926.000	31750	31750.000
1900	1100	44775926	44775926.000	29931	29931.000
1450	1200	44775926	44775926.000	29616	29616.000
1100	300	44775926	44775926.000	172047	172047.000
1350	800	44775926	44775926.000	39569	39569.000
1550	1325	44775926	44775926.000	30319	30319.000
2700	600	44775926	44775926.000	16600	16600.000
2350	300	44775926	44775926.000	28577	28577.000
1900	100	44775926	44775926.000	18109	18109.000
1850	900	44775926	44775926.000	23392	23392.000
2450	1550	44775926	44775926.000	18389	18389.000
2350	1300	44775926	44775926.000	27852	27852.000
1550	1250	44775926	44775926.000	18001	18001.000
1850	300	44775926	44775926.000	16496	16496.000
1300	400	44775926	44775926.000	48503	48503.000
2800	1600	44775926	44775926.000	27878	27878.000
2250	900	44775926	44775926.000	19979	19979.000
1500	400	44775926	44775926.000	33485	33485.000
1800	300	44775926	44775926.000	28606	28606.000
1500	700	44775926	44775926.000	36786	36786.000
2550	800	44775926	44775926.000	18134	18134.000
2550	1550	44775926	44775926.000	26403	26403.000
1550	1050	44775926	44775926.000	36033	36033.000
1750	1000	44775926	44775926.000	19865	19865.000
1650	850	44775926	44775926.000	26673	26673.000
900	450	44775926	44775926.000	196128	196128.000
850	350	44775926	44775926.000	197596	197596.000
1200	300	44775926	44775926.000	83997	83997.000
1600	200	44775926	44775926.000	26222	26222.000
2700	400	44775926	44775926.000	28310	28310.000
1250	850	44775926	44775926.000	62710	62710.000
2550	200	44775926	44775926.000	21646	21646.000
1300	450	44775926	44775926.000	47346	47346.000
1250	900	44775926	44775926.000	69227	69227.000
1650	1200	44775926	44775926.000	27161	27161.000
1500	750	44775926	44775926.000	25017	25017.000
1500	650	44775926	44775926.000	22195	22195.000
2750	1400	44775926	44775926.000	24713	24713.000
1400	1150	44775926	44775926.000	34253	34253.000
2300	1600	44775926	44775926.000	28068	28068.000
2350	700	44775926	44775926.000	20590	20590.000
2650	400	44775926	44775926.000	25972	25972.000
2100	600	44775926	44775926.000	23538	23538.000
1400	550	44775926	44775926.000	19542	19542.000
2100	1000	44775926	44775926.000	30199	30199.000
2500	600	44775926	44775926.000	19435	19435.000
2750	1000	44775926	44775926.000	17777	17777.000
1100	850	44775926	44775926.000	178316	178316.000
1850	1150	44775926	44775926.000	28797	28797.000
2350	500	44775926	44775926.000	23135	23135.000
650	425	44775926	44775926.000	330862	330862.000
1450	1150	44775926	44775926.000	16252	16252.000
1650	400	44775926	44775926.000	24368	24368.000
950	300	44775926	44775926.000	179328	179328.000
2200	400	44775926	44775926.000	21499	21499.000
2400	600	44775926	44775926.000	20112	20112.000
600	100	44775926	44775926.000	557810	557810.000
1750	850	44775926	44775926.000	23410	23410.000
1900	400	44775926	44775926.000	30773	30773.000
1800	1350	44775926	44775926.000	33816	33816.000
2100	300	44775926	44775926.000	18451	18451.000
2800	0	44775926	44775926.000	18851	18851.000
1150	300	44775926	44775926.000	122842	122842.000
1400	1100	44775926	44775926.000	31437	31437.000
1650	900	44775926	44775926.000	25672	25672.000
2750	1500	44775926	44775926.000	26518	26518.000
1200	800	44775926	44775926.000	77254	77254.000
700	475	44775926	44775926.000	236869	236869.000
1950	900	44775926	44775926.000	30429	30429.000
2750	100	44775926	44775926.000	17818	17818.000
1350	1050	44775926	44775926.000	35997	35997.000
1050	300	44775926	44775926.000	191254	191254.000
1750	1150	44775926	44775926.000	24856	24856.000
2750	600	44775926	44775926.000	24665	24665.000
1300	1050	44775926	44775926.000	43827	43827.000
1750	1450	44775926	44775926.000	27109	27109.000
2050	1500	44775926	44775926.000	29846	29846.000
1600	1350	44775926	44775926.000	30362	30362.000
2550	300	44775926	44775926.000	25414	25414.000
1600	1300	44775926	44775926.000	29007	29007.000
2150	0	44775926	44775926.000	28664	28664.000
850	625	44775926	44775926.000	193503	193503.000
1650	1300	44775926	44775926.000	24508	24508.000
2600	800	44775926	44775926.000	26687	26687.000
2200	900	44775926	44775926.000	27608	27608.000
950	700	44775926	44775926.000	192898	192898.000
2800	600	44775926	44775926.000	23835	23835.000
2800	1000	44775926	44775926.000	27836	27836.000
2400	1500	44775926	44775926.000	31621	31621.000
750	400	44775926	44775926.000	180112	180112.000
1200	100	44775926	44775926.000	83990	83990.000
1900	300	44775926	44775926.000	20543	20543.000
1800	1450	44775926	44775926.000	19918	19918.000
1900	500	44775926	44775926.000	27104	27104.000
1700	950	44775926	44775926.000	34240	34240.000
1300	200	44775926	44775926.000	52294	52294.000
2200	600	44775926	44775926.000	27462	27462.000
2000	1550	44775926	44775926.000	27691	27691.000
2300	1350	44775926	44775926.000	22873	22873.000
900	400	44775926	44775926.000	194026	194026.000
800	450	44775926	44775926.000	185913	185913.000
1650	0	44775926	44775926.000	21908	21908.000
1400	0	44775926	44775926.000	27249	27249.000
1000	450	44775926	44775926.000	208269	208269.000
2150	1300	44775926	44775926.000	34840	34840.000
1600	750	44775926	44775926.000	30630	30630.000
1550	1300	44775926	44775926.000	24662	24662.000
1350	650	44775926	44775926.000	34177	34177.000
2750	200	44775926	44775926.000	22786	22786.000
1200	950	44775926	44775926.000	86353	86353.000
2100	1500	44775926	44775926.000	29282	29282.000
1400	450	44775926	44775926.000	25079	25079.000
1900	1000	44775926	44775926.000	28490	28490.000
2050	900	44775926	44775926.000	24735	24735.000
600	350	44775926	44775926.000	543922	543922.000
2050	1350	44775926	44775926.000	28100	28100.000
2550	1300	44775926	44775926.000	32968	32968.000
2500	100	44775926	44775926.000	22266	22266.000
1100	550	44775926	44775926.000	185952	185952.000
1700	1200	44775926	44775926.000	27600	27600.000
2700	200	44775926	44775926.000	30231	30231.000
1850	200	44775926	44775926.000	20267	20267.000
1100	100	44775926	44775926.000	157887	157887.000
1300	550	44775926	44775926.000	41404	41404.000
950	550	44775926	44775926.000	219317	219317.000
1750	1200	44775926	44775926.000	23229	23229.000
2800	1500	44775926	44775926.000	33703	33703.000
2000	1150	44775926	44775926.000	23656	23656.000
2250	1250	44775926	44775926.000	39179	39179.000
1250	400	44775926	44775926.000	65721	65721.000
2200	1000	44775926	44775926.000	22229	22229.000
950	600	44775926	44775926.000	195336	195336.000
750	350	44775926	44775926.000	209839	209839.000
1450	650	44775926	44775926.000	24043	24043.000
1500	950	44775926	44775926.000	19375	19375.000
2250	1500	44775926	44775926.000	25296	25296.000
1250	650	44775926	44775926.000	49097	49097.000
1450	750	44775926	44775926.000	24796	24796.000
1000	775	44775926	44775926.000	194740	194740.000
1450	950	44775926	44775926.000	24998	24998.000
2550	1100	44775926	44775926.000	24500	24500.000
900	650	44775926	44775926.000	209546	209546.000
2550	1000	44775926	44775926.000	20509	20509.000
2600	1100	44775926	44775926.000	38928	38928.000
2500	1600	44775926	44775926.000	18438	18438.000
2250	1200	44775926	44775926.000	21929	21929.000
2000	1300	44775926	44775926.000	18832	18832.000
1650	100	44775926	44775926.000	18407	18407.000
1050	450	44775926	44775926.000	187773	187773.000
2150	1250	44775926	44775926.000	32920	32920.000
2350	800	44775926	44775926.000	23025	23025.000
1550	750	44775926	44775926.000	32964	32964.000
2000	1500	44775926	44775926.000	22807	22807.000
1600	1250	44775926	44775926.000	25369	25369.000
950	500	44775926	44775926.000	207032	207032.000
1300	900	44775926	44775926.000	53613	53613.000
650	400	44775926	44775926.000	321572	321572.000
1900	600	44775926	44775926.000	28615	28615.000
2400	1300	44775926	44775926.000	25470	25470.000
1850	1500	44775926	44775926.000	25061	25061.000
1250	100	44775926	44775926.000	70146	70146.000
850	400	44775926	44775926.000	190675	190675.000
850	550	44775926	44775926.000	199133	199133.000
1300	1000	44775926	44775926.000	45912	45912.000
2100	100	44775926	44775926.000	27570	27570.000
1700	700	44775926	44775926.000	29209	29209.000
2250	100	44775926	44775926.000	29475	29475.000
1750	1350	44775926	44775926.000	23403	23403.000
2500	400	44775926	44775926.000	28660	28660.000
2650	1000	44775926	44775926.000	20387	20387.000
1550	650	44775926	44775926.000	24290	24290.000
1900	1300	44775926	44775926.000	25205	25205.000
600	300	44775926	44775926.000	569032	569032.000
1200	750	44775926	44775926.000	87376	87376.000
1700	400	44775926	44775926.000	26861	26861.000
2750	0	44775926	44775926.000	26543	26543.000
1000	750	44775926	44775926.000	193310	193310.000
1400	200	44775926	44775926.000	25901	25901.000
2100	1400	44775926	44775926.000	22475	22475.000
2350	900	44775926	44775926.000	34831	34831.000
1450	300	44775926	44775926.000	25311	25311.000
1450	600	44775926	44775926.000	35065	35065.000
2400	400	44775926	44775926.000	21808	21808.000
2650	100	44775926	44775926.000	30981	30981.000
1500	0	44775926	44775926.000	24878	24878.000
800	350	44775926	44775926.000	196281	196281.000
1500	300	44775926	44775926.000	22787	22787.000
1900	200	44775926	44775926.000	19717	19717.000
2250	700	44775926	44775926.000	21686	21686.000
2050	200	44775926	44775926.000	24665	24665.000
1700	0	44775926	44775926.000	26975	26975.000
1500	900	44775926	44775926.000	25661	25661.000
1750	600	44775926	44775926.000	22758	22758.000
2650	300	44775926	44775926.000	19378	19378.000
950	400	44775926	44775926.000	179069	179069.000
2100	1450	44775926	44775926.000	25208	25208.000
1800	1000	44775926	44775926.000	22874	22874.000
2700	800	44775926	44775926.000	25429	25429.000
2150	1550	44775926	44775926.000	23875	23875.000
2600	400	44775926	44775926.000	17148	17148.000
1800	100	44775926	44775926.000	25498	25498.000
2800	1100	44775926	44775926.000	22977	22977.000
1700	1300	44775926	44775926.000	30061	30061.000
2450	1100	44775926	44775926.000	23789	23789.000
1900	900	44775926	44775926.000	27748	27748.000
2500	1000	44775926	44775926.000	29709	29709.000
2400	300	44775926	44775926.000	19035	19035.000
1000	0	44775926	44775926.000	176551	176551.000
1750	400	44775926	44775926.000	27187	27187.000
2100	1550	44775926	44775926.000	23457	23457.000
1950	1500	44775926	44775926.000	25862	25862.000
1200	0	44775926	44775926.000	83528	83528.000
2450	1300	44775926	44775926.000	22055	22055.000
1050	650	44775926	44775926.000	204915	204915.000
2250	0	44775926	44775926.000	27900	27900.000
2600	200	44775926	44775926.000	32317	32317.000
1200	600	44775926	44775926.000	87590	87590.000
2150	1150	44775926	44775926.000	22153	22153.000
2150	1400	44775926	44775926.000	19677	19677.000
2300	600	44775926	44775926.000	18404	18404.000
2700	300	44775926	44775926.000	27420	27420.000
2650	500	44775926	44775926.000	27850	27850.000
2650	600	44775926	44775926.000	20109	20109.000
2350	100	44775926	44775926.000	13500	13500.000
2800	1300	44775926	44775926.000	20982	20982.000
1700	1050	44775926	44775926.000	23208	23208.000
2700	500	44775926	44775926.000	27120	27120.000
1750	700	44775926	44775926.000	25942	25942.000
2700	700	44775926	44775926.000	27272	27272.000
1650	300	44775926	44775926.000	21559	21559.000
1900	800	44775926	44775926.000	14929	14929.000
1700	100	44775926	44775926.000	28409	28409.000
1550	550	44775926	44775926.000	20254	20254.000
800	550	44775926	44775926.000	194253	194253.000
800	400	44775926	44775926.000	182836	182836.000
1800	850	44775926	44775926.000	17792	17792.000
800	100	44775926	44775926.000	187806	187806.000
1850	400	44775926	44775926.000	23441	23441.000
1600	1000	44775926	44775926.000	29774	29774.000
1600	700	44775926	44775926.000	20385	20385.000
1950	1100	44775926	44775926.000	23212	23212.000
1400	1000	44775926	44775926.000	18938	18938.000
1550	1200	44775926	44775926.000	22378	22378.000
1800	1550	44775926	44775926.000	27734	27734.000
2550	1500	44775926	44775926.000	27389	27389.000
1400	400	44775926	44775926.000	23861	23861.000
1950	1250	44775926	44775926.000	30023	30023.000
1950	200	44775926	44775926.000	24734	24734.000
2300	1000	44775926	44775926.000	15785	15785.000
2300	900	44775926	44775926.000	23848	23848.000
2050	1100	44775926	44775926.000	31465	31465.000
2250	1600	44775926	44775926.000	21174	21174.000
2050	1550	44775926	44775926.000	24632	24632.000
2250	1350	44775926	44775926.000	30409	30409.000
2350	200	44775926	44775926.000	24282	24282.000
1700	800	44775926	44775926.000	17889	17889.000
1750	1400	44775926	44775926.000	25006	25006.000
2800	700	44775926	44775926.000	35985	35985.000
2650	800	44775926	44775926.000	20256	20256.000
2600	300	44775926	44775926.000	19084	19084.000
2550	1200	44775926	44775926.000	16869	16869.000
2000	1600	44775926	44775926.000	30804	30804.000
1700	1000	44775926	44775926.000	20822	20822.000
1250	800	44775926	44775926.000	54000	54000.000
2200	1250	44775926	44775926.000	18867	18867.000
1200	500	44775926	44775926.000	78655	78655.000
1900	700	44775926	44775926.000	26878	26878.000
1700	1150	44775926	44775926.000	29316	29316.000
1550	950	44775926	44775926.000	30193	30193.000
1300	500	44775926	44775926.000	33554	33554.000
1450	100	44775926	44775926.000	21756	21756.000
1750	500	44775926	44775926.000	27361	27361.000
1450	400	44775926	44775926.000	22624	22624.000
2450	500	44775926	44775926.000	19320	19320.000
1850	1250	44775926	44775926.000	20914	20914.000
2500	1500	44775926	44775926.000	20580	20580.000
2350	0	44775926	44775926.000	19747	19747.000
2250	800	44775926	44775926.000	21816	21816.000
700	200	44775926	44775926.000	200964	200964.000
2550	1400	44775926	44775926.000	14132	14132.000
2000	1200	44775926	44775926.000	13781	13781.000
2500	1300	44775926	44775926.000	18753	18753.000
2600	700	44775926	44775926.000	25699	25699.000
1000	300	44775926	44775926.000	197339	197339.000
2100	1250	44775926	44775926.000	19395	19395.000
1650	750	44775926	44775926.000	23043	23043.000
1550	1100	44775926	44775926.000	21745	21745.000
1600	1200	44775926	44775926.000	19744	19744.000
2200	1100	44775926	44775926.000	24119	24119.000
1750	1500	44775926	44775926.000	23604	23604.000
2050	1050	44775926	44775926.000	28165	28165.000
2150	1350	44775926	44775926.000	26973	26973.000
2350	1600	44775926	44775926.000	30345	30345.000
1050	600	44775926	44775926.000	174866	174866.000
1750	1250	44775926	44775926.000	28638	28638.000
1200	650	44775926	44775926.000	84678	84678.000
850	450	44775926	44775926.000	186979	186979.000
850	600	44775926	44775926.000	201848	201848.000
1250	350	44775926	44775926.000	54732	54732.000
650	300	44775926	44775926.000	334295	334295.000
1700	300	44775926	44775926.000	22308	22308.000
1650	700	44775926	44775926.000	17017	17017.000
2550	700	44775926	44775926.000	17974	17974.000
1150	600	44775926	44775926.000	128199	128199.000
700	300	44775926	44775926.000	203939	203939.000
1500	550	44775926	44775926.000	25688	25688.000
1100	0	44775926	44775926.000	180092	180092.000
2350	1100	44775926	44775926.000	19750	19750.000
1700	1350	44775926	44775926.000	26051	26051.000
1550	850	44775926	44775926.000	22257	22257.000
1400	1050	44775926	44775926.000	20117	20117.000
1950	950	44775926	44775926.000	28120	28120.000
1400	750	44775926	44775926.000	28726	28726.000
2100	700	44775926	44775926.000	31926	31926.000
1100	350	44775926	44775926.000	171438	171438.000
2150	1100	44775926	44775926.000	29353	29353.000
1850	1350	44775926	44775926.000	21235	21235.000
2550	1600	44775926	44775926.000	29203	29203.000
1800	900	44775926	44775926.000	18408	18408.000
2600	600	44775926	44775926.000	19916	19916.000
700	350	44775926	44775926.000	238056	238056.000
1150	750	44775926	44775926.000	132062	132062.000
2300	400	44775926	44775926.000	35464	35464.000
1800	0	44775926	44775926.000	25413	25413.000
1250	500	44775926	44775926.000	66793	66793.000
800	300	44775926	44775926.000	197115	197115.000
2450	1200	44775926	44775926.000	22073	22073.000
2100	1100	44775926	44775926.000	26825	26825.000
1700	1250	44775926	44775926.000	27603	27603.000
1000	500	44775926	44775926.000	188064	188064.000
1050	750	44775926	44775926.000	193473	193473.000
1800	1250	44775926	44775926.000	19380	19380.000
1900	1400	44775926	44775926.000	32217	32217.000
2800	900	44775926	44775926.000	17828	17828.000
2650	700	44775926	44775926.000	19492	19492.000
2150	800	44775926	44775926.000	21098	21098.000
2150	400	44775926	44775926.000	18599	18599.000
1150	700	44775926	44775926.000	136875	136875.000
1800	950	44775926	44775926.000	25416	25416.000
2300	1200	44775926	44775926.000	28282	28282.000
2650	900	44775926	44775926.000	24056	24056.000
2700	100	44775926	44775926.000	22311	22311.000
2150	600	44775926	44775926.000	18745	18745.000
2600	900	44775926	44775926.000	36203	36203.000
2050	400	44775926	44775926.000	32883	32883.000
2800	200	44775926	44775926.000	26822	26822.000
2000	1450	44775926	44775926.000	26084	26084.000
2200	0	44775926	44775926.000	20703	20703.000
2050	1000	44775926	44775926.000	16417	16417.000
1750	1050	44775926	44775926.000	24991	24991.000
2350	400	44775926	44775926.000	29385	29385.000
2050	1300	44775926	44775926.000	25571	25571.000
1350	350	44775926	44775926.000	24991	24991.000
1300	650	44775926	44775926.000	41098	41098.000
2200	300	44775926	44775926.000	37534	37534.000
1100	400	44775926	44775926.000	176536	176536.000
2650	1500	44775926	44775926.000	26123	26123.000
1650	1000	44775926	44775926.000	22265	22265.000
1800	1050	44775926	44775926.000	22238	22238.000
2650	1300	44775926	44775926.000	24971	24971.000
1800	400	44775926	44775926.000	27623	27623.000
750	300	44775926	44775926.000	215655	215655.000
2800	300	44775926	44775926.000	20752	20752.000
900	300	44775926	44775926.000	203253	203253.000
1350	300	44775926	44775926.000	39890	39890.000
2200	800	44775926	44775926.000	20799	20799.000
1650	950	44775926	44775926.000	26026	26026.000
2400	900	44775926	44775926.000	24378	24378.000
2150	700	44775926	44775926.000	28677	28677.000
1000	650	44775926	44775926.000	205643	205643.000
1800	500	44775926	44775926.000	23836	23836.000
2300	700	44775926	44775926.000	16602	16602.000
2000	400	44775926	44775926.000	26912	26912.000
2450	1500	44775926	44775926.000	14858	14858.000
1400	1175	44775926	44775926.000	27257	27257.000
700	0	44775926	44775926.000	222789	222789.000
1400	950	44775926	44775926.000	22501	22501.000
2050	500	44775926	44775926.000	29683	29683.000
1750	0	44775926	44775926.000	23436	23436.000
1350	1000	44775926	44775926.000	39630	39630.000
1550	700	44775926	44775926.000	24442	24442.000
1200	400	44775926	44775926.000	81099	81099.000
2300	1400	44775926	44775926.000	27359	27359.000
2400	1000	44775926	44775926.000	26242	26242.000
1850	1600	44775926	44775926.000	24840	24840.000
1750	950	44775926	44775926.000	28048	28048.000
2050	1450	44775926	44775926.000	19623	19623.000
1850	1000	44775926	44775926.000	19516	19516.000
2000	800	44775926	44775926.000	24408	24408.000
2300	1550	44775926	44775926.000	24692	24692.000
800	575	44775926	44775926.000	207689	207689.000
1850	1450	44775926	44775926.000	24963	24963.000
2800	500	44775926	44775926.000	26897	26897.000
2450	1450	44775926	44775926.000	25820	25820.000
1100	500	44775926	44775926.000	173335	173335.000
2250	1450	44775926	44775926.000	29380	29380.000
2200	1200	44775926	44775926.000	26750	26750.000
1700	750	44775926	44775926.000	30930	30930.000
1250	0	44775926	44775926.000	62122	62122.000
1250	600	44775926	44775926.000	56669	56669.000
1500	1050	44775926	44775926.000	19915	19915.000
1450	450	44775926	44775926.000	28796	28796.000
2650	1400	44775926	44775926.000	23251	23251.000
2400	200	44775926	44775926.000	22819	22819.000
2550	600	44775926	44775926.000	29007	29007.000
2450	1400	44775926	44775926.000	23860	23860.000
1350	550	44775926	44775926.000	34080	34080.000
2000	1250	44775926	44775926.000	26110	26110.000
2300	0	44775926	44775926.000	21912	21912.000
1300	1075	44775926	44775926.000	51375	51375.000
1550	100	44775926	44775926.000	28620	28620.000
1000	550	44775926	44775926.000	214983	214983.000
2750	800	44775926	44775926.000	25867	25867.000
1800	600	44775926	44775926.000	21508	21508.000
1700	1450	44775926	44775926.000	29114	29114.000
1900	1600	44775926	44775926.000	18135	18135.000
2200	1350	44775926	44775926.000	28324	28324.000
1800	1500	44775926	44775926.000	24629	24629.000
2450	900	44775926	44775926.000	14746	14746.000
1550	600	44775926	44775926.000	19660	19660.000
1050	350	44775926	44775926.000	188940	188940.000
2150	300	44775926	44775926.000	17877	17877.000
1250	750	44775926	44775926.000	72520	72520.000
850	500	44775926	44775926.000	217797	217797.000
2100	800	44775926	44775926.000	24265	24265.000
600	0	44775926	44775926.000	583597	583597.000
2400	700	44775926	44775926.000	24476	24476.000
1850	500	44775926	44775926.000	24047	24047.000
1800	1150	44775926	44775926.000	22205	22205.000
1050	800	44775926	44775926.000	179777	179777.000
1850	950	44775926	44775926.000	21067	21067.000
2350	1350	44775926	44775926.000	26665	26665.000
2300	1300	44775926	44775926.000	18530	18530.000
1750	800	44775926	44775926.000	21235	21235.000
2300	100	44775926	44775926.000	37945	37945.000
2700	1600	44775926	44775926.000	17627	17627.000
1400	700	44775926	44775926.000	30043	30043.000
1200	200	44775926	44775926.000	79953	79953.000
1600	850	44775926	44775926.000	26107	26107.000
1400	100	44775926	44775926.000	27891	27891.000
1350	500	44775926	44775926.000	32466	32466.000
800	0	44775926	44775926.000	195227	195227.000
2000	500	44775926	44775926.000	22972	22972.000
2350	600	44775926	44775926.000	26126	26126.000
1900	1500	44775926	44775926.000	26180	26180.000
2750	1200	44775926	44775926.000	34342	34342.000
1450	700	44775926	44775926.000	31079	31079.000
1950	1600	44775926	44775926.000	27300	27300.000
1450	1000	44775926	44775926.000	25858	25858.000
1500	100	44775926	44775926.000	22040	22040.000
1300	950	44775926	44775926.000	38695	38695.000
1750	1100	44775926	44775926.000	29814	29814.000
1250	1025	44775926	44775926.000	70747	70747.000
1500	1000	44775926	44775926.000	16326	16326.000
2750	400	44775926	44775926.000	27616	27616.000
1600	1375	44775926	44775926.000	23458	23458.000
1100	650	44775926	44775926.000	168732	168732.000
1650	650	44775926	44775926.000	27655	27655.000
2600	1500	44775926	44775926.000	27819	27819.000
1100	200	44775926	44775926.000	166355	166355.000
1350	900	44775926	44775926.000	30485	30485.000
2350	1450	44775926	44775926.000	18842	18842.000
2750	1600	44775926	44775926.000	28595	28595.000
2250	1000	44775926	44775926.000	26865	26865.000
2450	600	44775926	44775926.000	23162	23162.000
1950	1150	44775926	44775926.000	24070	24070.000
2700	1400	44775926	44775926.000	29290	29290.000
1750	900	44775926	44775926.000	24357	24357.000
2300	500	44775926	44775926.000	20459	20459.000
2050	600	44775926	44775926.000	23850	23850.000
1400	900	44775926	44775926.000	21636	21636.000
1400	850	44775926	44775926.000	27916	27916.000
1350	100	44775926	44775926.000	32722	32722.000
1750	100	44775926	44775926.000	24114	24114.000
1200	350	44775926	44775926.000	79778	79778.000
1300	0	44775926	44775926.000	51360	51360.000
1950	300	44775926	44775926.000	20721	20721.000
1950	1200	44775926	44775926.000	25825	25825.000
1800	700	44775926	44775926.000	29321	29321.000
1650	200	44775926	44775926.000	20838	20838.000
900	0	44775926	44775926.000	183435	183435.000
2600	100	44775926	44775926.000	18320	18320.000
900	100	44775926	44775926.000	198035	198035.000
1650	1100	44775926	44775926.000	23764	23764.000
2550	0	44775926	44775926.000	16771	16771.000
1250	1000	44775926	44775926.000	84471	84471.000
2000	1000	44775926	44775926.000	12966	12966.000
2200	1400	44775926	44775926.000	25795	25795.000
2350	1500	44775926	44775926.000	23534	23534.000
2350	1550	44775926	44775926.000	24185	24185.000
1850	1200	44775926	44775926.000	25664	25664.000
1700	500	44775926	44775926.000	31388	31388.000
1100	700	44775926	44775926.000	171588	171588.000
2300	200	44775926	44775926.000	18392	18392.000
2350	1200	44775926	44775926.000	18634	18634.000
2600	1600	44775926	44775926.000	31494	31494.000
650	350	44775926	44775926.000	324226	324226.000
1100	750	44775926	44775926.000	167457	167457.000
2200	200	44775926	44775926.000	20729	20729.000
2250	600	44775926	44775926.000	32250	32250.000
2400	1450	44775926	44775926.000	18080	18080.000
1850	0	44775926	44775926.000	22472	22472.000
2000	100	44775926	44775926.000	17836	17836.000
1650	1050	44775926	44775926.000	19172	19172.000
1900	950	44775926	44775926.000	21188	21188.000
1000	350	44775926	44775926.000	202108	202108.000
2200	500	44775926	44775926.000	30072	30072.000
2050	300	44775926	44775926.000	20733	20733.000
1800	1575	44775926	44775926.000	19870	19870.000
1400	300	44775926	44775926.000	21724	21724.000
