WJets|KappaW
bin                |  SBin | btagHF     |   PU     |   TTVxsec     |   DLSlope     |   Wpol     |   JEC     |   btagLF     |   DLConst     |   Wxsec     |   nISR     |   TTxsec     |   lepSF
LT1_HT0_NB0_NJ5_NW0 |   |    1.000     |    1.012     |    1.000     |    1.000     |    1.106     |    1.082     |    1.000     |    1.000     |    1.000     |    1.000     |    1.000     |    1.000
LT1_HT0_NB0_NJ5_NW1i |   |    1.001     |    1.033     |    1.000     |    1.000     |    1.062     |    1.214     |    1.001     |    1.000     |    1.000     |    1.000     |    1.000     |    1.000
LT1_HT1i_NB0_NJ5_NW0 |   |    1.003     |    1.006     |    1.000     |    1.000     |    1.063     |    1.059     |    1.001     |    1.000     |    1.000     |    1.000     |    1.000     |    1.000
LT1_HT1i_NB0_NJ5_NW1i |   |    1.003     |    1.011     |    1.000     |    1.000     |    1.056     |    1.072     |    1.000     |    1.000     |    1.000     |    1.000     |    1.000     |    1.001
LT2_HT0_NB0_NJ5_NW0 |   |    1.001     |    1.011     |    1.000     |    1.000     |    1.112     |    1.065     |    1.000     |    1.000     |    1.000     |    1.000     |    1.000     |    1.002
LT2_HT0_NB0_NJ5_NW1i |   |    1.000     |    1.036     |    1.000     |    1.000     |    1.050     |    1.140     |    1.001     |    1.000     |    1.000     |    1.000     |    1.000     |    1.001
LT2_HT1i_NB0_NJ5_NW0 |   |    1.004     |    1.002     |    1.000     |    1.000     |    1.046     |    1.075     |    1.000     |    1.000     |    1.000     |    1.000     |    1.000     |    1.002
LT2_HT1i_NB0_NJ5_NW1i |   |    1.004     |    1.004     |    1.000     |    1.000     |    1.045     |    1.052     |    1.000     |    1.000     |    1.000     |    1.000     |    1.000     |    1.000
LT3_HT0_NB0_NJ5_NW0 |   |    1.000     |    1.011     |    1.000     |    1.000     |    1.123     |    1.046     |    1.000     |    1.000     |    1.000     |    1.000     |    1.000     |    1.001
LT3_HT0_NB0_NJ5_NW1i |   |    1.001     |    1.013     |    1.000     |    1.000     |    1.062     |    1.424     |    1.000     |    1.000     |    1.000     |    1.000     |    1.000     |    1.001
LT3_HT1_NB0_NJ5_NW0 |   |    1.001     |    1.001     |    1.000     |    1.000     |    1.081     |    1.039     |    1.000     |    1.000     |    1.000     |    1.000     |    1.000     |    1.000
LT3_HT1_NB0_NJ5_NW1i |   |    1.002     |    1.018     |    1.000     |    1.000     |    1.052     |    1.102     |    1.000     |    1.000     |    1.000     |    1.000     |    1.000     |    1.000
LT3_HT3i_NB0_NJ5_NW0 |   |    1.004     |    1.013     |    1.000     |    1.000     |    1.038     |    1.075     |    1.000     |    1.000     |    1.000     |    1.000     |    1.000     |    1.000
LT3_HT3i_NB0_NJ5_NW1i |   |    1.006     |    1.021     |    1.000     |    1.000     |    1.031     |    1.091     |    1.000     |    1.000     |    1.000     |    1.000     |    1.000     |    1.002
LT4i_HT03_NB0_NJ5_NW0 |   |    1.001     |    1.021     |    1.000     |    1.000     |    1.087     |    1.019     |    1.001     |    1.000     |    1.000     |    1.000     |    1.000     |    1.000
LT4i_HT03_NB0_NJ5_NW1i |   |    1.003     |    1.044     |    1.000     |    1.000     |    1.066     |    1.045     |    1.000     |    1.000     |    1.000     |    1.000     |    1.000     |    1.000
LT4i_HT3i_NB0_NJ5_NW0 |   |    1.003     |    1.011     |    1.000     |    1.000     |    1.081     |    1.076     |    1.000     |    1.000     |    1.000     |    1.000     |    1.000     |    1.000
LT4i_HT3i_NB0_NJ5_NW1i |   |    1.004     |    1.028     |    1.000     |    1.000     |    1.100     |    1.069     |    1.001     |    1.000     |    1.000     |    1.000     |    1.000     |    1.001
bin                |  SBin | btagHF     |   PU     |   TTVxsec     |   DLSlope     |   Wpol     |   JEC     |   btagLF     |   DLConst     |   Wxsec     |   nISR     |   TTxsec     |   lepSF
LT1_HT02_NB0_NJ67_NW0 |   |    1.000     |    1.013     |    1.000     |    1.000     |    1.115     |    1.132     |    1.000     |    1.000     |    1.000     |    1.000     |    1.000     |    1.001
LT1_HT02_NB0_NJ67_NW1i |   |    1.001     |    1.019     |    1.000     |    1.000     |    1.067     |    1.096     |    1.000     |    1.000     |    1.000     |    1.000     |    1.000     |    1.001
LT1_HT2i_NB0_NJ67_NW0 |   |    1.004     |    1.014     |    1.000     |    1.000     |    1.044     |    1.068     |    1.000     |    1.000     |    1.000     |    1.000     |    1.000     |    1.000
LT1_HT2i_NB0_NJ67_NW1i |   |    1.003     |    1.023     |    1.000     |    1.000     |    1.040     |    1.110     |    1.000     |    1.000     |    1.000     |    1.000     |    1.000     |    1.001
LT2_HT02_NB0_NJ67_NW0 |   |    1.001     |    1.017     |    1.000     |    1.000     |    1.091     |    1.063     |    1.000     |    1.000     |    1.000     |    1.000     |    1.000     |    1.003
LT2_HT02_NB0_NJ67_NW1i |   |    1.001     |    1.028     |    1.000     |    1.000     |    1.084     |    1.059     |    1.001     |    1.000     |    1.000     |    1.000     |    1.000     |    1.005
LT2_HT2i_NB0_NJ67_NW0 |   |    1.004     |    1.001     |    1.000     |    1.000     |    1.043     |    1.022     |    1.000     |    1.000     |    1.000     |    1.000     |    1.000     |    1.001
LT2_HT2i_NB0_NJ67_NW1i |   |    1.003     |    1.030     |    1.000     |    1.000     |    1.004     |    1.137     |    1.001     |    1.000     |    1.000     |    1.000     |    1.000     |    1.000
LT3_HT0_NB0_NJ67_NW0 |   |    1.001     |    1.037     |    1.000     |    1.000     |    1.103     |    1.110     |    1.001     |    1.000     |    1.000     |    1.000     |    1.000     |    1.001
LT3_HT0_NB0_NJ67_NW1i |   |    1.004     |    1.078     |    1.000     |    1.000     |    1.161     |    1.057     |    1.000     |    1.000     |    1.000     |    1.000     |    1.000     |    1.000
LT3_HT1_NB0_NJ67_NW0 |   |    1.001     |    1.017     |    1.000     |    1.000     |    1.109     |    1.023     |    1.000     |    1.000     |    1.000     |    1.000     |    1.000     |    1.001
LT3_HT1_NB0_NJ67_NW1i |   |    1.002     |    1.001     |    1.000     |    1.000     |    1.045     |    1.023     |    1.001     |    1.000     |    1.000     |    1.000     |    1.000     |    1.002
LT3_HT3i_NB0_NJ67_NW0 |   |    1.006     |    1.009     |    1.000     |    1.000     |    1.031     |    1.024     |    1.000     |    1.000     |    1.000     |    1.000     |    1.000     |    1.001
LT3_HT3i_NB0_NJ67_NW1i |   |    1.002     |    1.068     |    1.000     |    1.000     |    1.032     |    1.149     |    1.000     |    1.000     |    1.000     |    1.000     |    1.000     |    1.001
LT4i_HT03_NB0_NJ67_NW0 |   |    1.001     |    1.020     |    1.000     |    1.000     |    1.117     |    1.059     |    1.001     |    1.000     |    1.000     |    1.000     |    1.000     |    1.000
LT4i_HT03_NB0_NJ67_NW1i |   |    1.000     |    1.017     |    1.000     |    1.000     |    1.068     |    1.224     |    1.000     |    1.000     |    1.000     |    1.000     |    1.000     |    1.000
LT4i_HT3i_NB0_NJ67_NW0 |   |    1.003     |    1.004     |    1.000     |    1.000     |    1.081     |    1.031     |    1.000     |    1.000     |    1.000     |    1.000     |    1.000     |    1.000
LT4i_HT3i_NB0_NJ67_NW1i |   |    1.005     |    1.004     |    1.000     |    1.000     |    1.155     |    1.042     |    1.003     |    1.000     |    1.000     |    1.000     |    1.000     |    1.002
bin                |  SBin | btagHF     |   PU     |   TTVxsec     |   DLSlope     |   Wpol     |   JEC     |   btagLF     |   DLConst     |   Wxsec     |   nISR     |   TTxsec     |   lepSF
LT1_HT02_NB0_NJ8i_NW0 |   |    1.004     |    1.039     |    1.000     |    1.000     |    1.119     |    1.188     |    1.001     |    1.000     |    1.000     |    1.000     |    1.000     |    1.001
LT1_HT02_NB0_NJ8i_NW1i |   |    1.005     |    1.039     |    1.000     |    1.000     |    1.139     |    1.167     |    1.001     |    1.000     |    1.000     |    1.000     |    1.000     |    1.001
LT1_HT2i_NB0_NJ8i_NW0 |   |    1.003     |    1.014     |    1.000     |    1.000     |    1.065     |    1.109     |    1.001     |    1.000     |    1.000     |    1.000     |    1.000     |    1.000
LT1_HT2i_NB0_NJ8i_NW1i |   |    1.001     |    1.005     |    1.000     |    1.000     |    1.031     |    1.039     |    1.000     |    1.000     |    1.000     |    1.000     |    1.000     |    1.003
LT2_HT02_NB0_NJ8i_NW0 |   |    1.003     |    1.136     |    1.000     |    1.000     |    1.056     |    1.263     |    1.001     |    1.000     |    1.000     |    1.000     |    1.000     |    1.005
LT2_HT02_NB0_NJ8i_NW1i |   |    1.015     |    1.038     |    1.000     |    1.000     |    1.058     |    1.037     |    1.003     |    1.000     |    1.000     |    1.000     |    1.000     |    1.004
LT2_HT2i_NB0_NJ8i_NW0 |   |    1.001     |    1.005     |    1.000     |    1.000     |    1.071     |    1.031     |    1.000     |    1.000     |    1.000     |    1.000     |    1.000     |    1.000
LT2_HT2i_NB0_NJ8i_NW1i |   |    1.006     |    1.050     |    1.000     |    1.000     |    1.015     |    1.154     |    1.004     |    1.000     |    1.000     |    1.000     |    1.000     |    1.002
LT3_HT03_NB0_NJ8i_NW0 |   |    1.002     |    1.039     |    1.000     |    1.000     |    1.026     |    1.112     |    1.001     |    1.000     |    1.000     |    1.000     |    1.000     |    1.008
LT3_HT03_NB0_NJ8i_NW1i |   |    1.008     |    1.130     |    1.000     |    1.000     |    1.000     |    1.044     |    1.001     |    1.000     |    1.000     |    1.000     |    1.000     |    1.008
LT3_HT3i_NB0_NJ8i_NW0 |   |    1.006     |    1.038     |    1.000     |    1.000     |    1.069     |    1.160     |    1.000     |    1.000     |    1.000     |    1.000     |    1.000     |    1.001
LT3_HT3i_NB0_NJ8i_NW1i |   |    1.013     |    1.004     |    1.000     |    1.000     |    1.078     |    1.185     |    1.002     |    1.000     |    1.000     |    1.000     |    1.000     |    1.000
LT4i_HT03_NB0_NJ8i_NW0i |   |    1.004     |    1.104     |    1.000     |    1.000     |    1.003     |    1.131     |    1.002     |    1.000     |    1.000     |    1.000     |    1.000     |    1.003
LT4i_HT3i_NB0_NJ8i_NW0i |   |    1.003     |    1.029     |    1.000     |    1.000     |    1.098     |    1.126     |    1.001     |    1.000     |    1.000     |    1.000     |    1.000     |    1.001
TTJets|KappaBTT
bin                |  SBin | btagHF     |   PU     |   TTVxsec     |   DLSlope     |   Wpol     |   JEC     |   btagLF     |   DLConst     |   Wxsec     |   nISR     |   TTxsec     |   lepSF
LT1_HT0_NB0_NJ5_NW0 |   |    1.002     |    1.005     |    1.015     |    1.011     |    1.005     |    1.025     |    1.000     |    1.000     |    1.021     |    1.004     |    1.035     |    1.001
LT1_HT0_NB0_NJ5_NW1i |   |    1.001     |    1.015     |    1.029     |    1.006     |    1.002     |    1.055     |    1.001     |    1.009     |    1.006     |    1.014     |    1.046     |    1.000
LT1_HT1i_NB0_NJ5_NW0 |   |    1.006     |    1.002     |    1.013     |    1.006     |    1.008     |    1.022     |    1.002     |    1.007     |    1.016     |    1.011     |    1.018     |    1.001
LT1_HT1i_NB0_NJ5_NW1i |   |    1.010     |    1.000     |    1.018     |    1.003     |    1.005     |    1.019     |    1.002     |    1.013     |    1.006     |    1.003     |    1.027     |    1.001
LT2_HT0_NB0_NJ5_NW0 |   |    1.003     |    1.006     |    1.028     |    1.015     |    1.006     |    1.082     |    1.002     |    1.002     |    1.034     |    1.011     |    1.043     |    1.001
LT2_HT0_NB0_NJ5_NW1i |   |    1.002     |    1.022     |    1.060     |    1.010     |    1.005     |    1.038     |    1.003     |    1.022     |    1.004     |    1.040     |    1.051     |    1.001
LT2_HT1i_NB0_NJ5_NW0 |   |    1.001     |    1.016     |    1.026     |    1.009     |    1.008     |    1.012     |    1.001     |    1.009     |    1.033     |    1.016     |    1.039     |    1.000
LT2_HT1i_NB0_NJ5_NW1i |   |    1.002     |    1.012     |    1.053     |    1.008     |    1.020     |    1.104     |    1.001     |    1.013     |    1.009     |    1.039     |    1.030     |    1.001
LT3_HT0_NB0_NJ5_NW0 |   |    1.001     |    1.020     |    1.054     |    1.013     |    1.020     |    1.078     |    1.001     |    1.018     |    1.044     |    1.025     |    1.059     |    1.000
LT3_HT0_NB0_NJ5_NW1i |   |    1.001     |    1.020     |    1.151     |    1.009     |    1.011     |    1.104     |    1.007     |    1.016     |    1.018     |    1.028     |    1.028     |    1.013
LT3_HT1_NB0_NJ5_NW0 |   |    1.001     |    1.003     |    1.035     |    1.010     |    1.008     |    1.076     |    1.002     |    1.018     |    1.048     |    1.033     |    1.033     |    1.000
LT3_HT1_NB0_NJ5_NW1i |   |    1.005     |    1.024     |    1.063     |    1.009     |    1.022     |    1.271     |    1.002     |    1.017     |    1.019     |    1.010     |    1.016     |    1.003
LT3_HT3i_NB0_NJ5_NW0 |   |    1.002     |    1.002     |    1.020     |    1.006     |    1.002     |    1.120     |    1.006     |    1.018     |    1.043     |    1.004     |    1.043     |    1.001
LT3_HT3i_NB0_NJ5_NW1i |   |    1.005     |    1.028     |    1.019     |    1.006     |    1.002     |    1.114     |    1.005     |    1.015     |    1.038     |    1.003     |    1.035     |    1.002
LT4i_HT03_NB0_NJ5_NW0 |   |    1.005     |    1.028     |    1.062     |    1.008     |    1.030     |    1.065     |    1.001     |    1.030     |    1.058     |    1.047     |    1.055     |    1.003
LT4i_HT03_NB0_NJ5_NW1i |   |    1.015     |    1.032     |    1.070     |    1.008     |    1.051     |    1.061     |    1.001     |    1.028     |    1.052     |    1.019     |    1.045     |    1.007
LT4i_HT3i_NB0_NJ5_NW0 |   |    1.005     |    1.000     |    1.031     |    1.007     |    1.005     |    1.189     |    1.007     |    1.023     |    1.071     |    1.017     |    1.076     |    1.000
LT4i_HT3i_NB0_NJ5_NW1i |   |    1.006     |    1.021     |    1.022     |    1.006     |    1.004     |    1.085     |    1.006     |    1.029     |    1.063     |    1.029     |    1.070     |    1.001
bin                |  SBin | btagHF     |   PU     |   TTVxsec     |   DLSlope     |   Wpol     |   JEC     |   btagLF     |   DLConst     |   Wxsec     |   nISR     |   TTxsec     |   lepSF
LT1_HT02_NB0_NJ67_NW0 |   |    1.001     |    1.008     |    1.015     |    1.034     |    1.002     |    1.009     |    1.001     |    1.005     |    1.021     |    1.019     |    1.033     |    1.000
LT1_HT02_NB0_NJ67_NW1i |   |    1.005     |    1.012     |    1.029     |    1.024     |    1.001     |    1.027     |    1.001     |    1.007     |    1.006     |    1.035     |    1.039     |    1.001
LT1_HT2i_NB0_NJ67_NW0 |   |    1.004     |    1.016     |    1.010     |    1.018     |    1.005     |    1.007     |    1.002     |    1.001     |    1.012     |    1.016     |    1.006     |    1.001
LT1_HT2i_NB0_NJ67_NW1i |   |    1.014     |    1.011     |    1.005     |    1.014     |    1.009     |    1.050     |    1.003     |    1.012     |    1.008     |    1.013     |    1.039     |    1.000
LT2_HT02_NB0_NJ67_NW0 |   |    1.001     |    1.017     |    1.027     |    1.045     |    1.004     |    1.060     |    1.001     |    1.001     |    1.034     |    1.036     |    1.045     |    1.001
LT2_HT02_NB0_NJ67_NW1i |   |    1.005     |    1.007     |    1.064     |    1.037     |    1.011     |    1.037     |    1.002     |    1.009     |    1.006     |    1.018     |    1.047     |    1.005
LT2_HT2i_NB0_NJ67_NW0 |   |    1.000     |    1.004     |    1.027     |    1.032     |    1.008     |    1.034     |    1.002     |    1.010     |    1.034     |    1.020     |    1.029     |    1.000
LT2_HT2i_NB0_NJ67_NW1i |   |    1.009     |    1.005     |    1.031     |    1.035     |    1.014     |    1.113     |    1.005     |    1.017     |    1.014     |    1.059     |    1.015     |    1.001
LT3_HT0_NB0_NJ67_NW0 |   |    1.002     |    1.037     |    1.054     |    1.047     |    1.013     |    1.204     |    1.000     |    1.018     |    1.044     |    1.049     |    1.059     |    1.004
LT3_HT0_NB0_NJ67_NW1i |   |    1.010     |    1.214     |    1.151     |    1.051     |    1.023     |    1.190     |    1.007     |    1.028     |    1.018     |    1.064     |    1.028     |    1.001
LT3_HT1_NB0_NJ67_NW0 |   |    1.003     |    1.016     |    1.035     |    1.044     |    1.010     |    1.034     |    1.002     |    1.023     |    1.048     |    1.040     |    1.033     |    1.005
LT3_HT1_NB0_NJ67_NW1i |   |    1.001     |    1.011     |    1.063     |    1.049     |    1.004     |    1.112     |    1.002     |    1.015     |    1.019     |    1.073     |    1.016     |    1.001
LT3_HT3i_NB0_NJ67_NW0 |   |    1.008     |    1.028     |    1.020     |    1.032     |    1.011     |    1.094     |    1.006     |    1.012     |    1.043     |    1.018     |    1.043     |    1.001
LT3_HT3i_NB0_NJ67_NW1i |   |    1.009     |    1.014     |    1.019     |    1.035     |    1.003     |    1.007     |    1.006     |    1.018     |    1.038     |    1.038     |    1.035     |    1.000
LT4i_HT03_NB0_NJ67_NW0 |   |    1.015     |    1.027     |    1.062     |    1.048     |    1.045     |    1.043     |    1.003     |    1.034     |    1.058     |    1.097     |    1.055     |    1.006
LT4i_HT03_NB0_NJ67_NW1i |   |    1.008     |    1.043     |    1.070     |    1.048     |    1.015     |    1.100     |    1.004     |    1.013     |    1.052     |    1.099     |    1.045     |    1.003
LT4i_HT3i_NB0_NJ67_NW0 |   |    1.004     |    1.016     |    1.031     |    1.040     |    1.010     |    1.010     |    1.007     |    1.023     |    1.071     |    1.014     |    1.076     |    1.001
LT4i_HT3i_NB0_NJ67_NW1i |   |    1.014     |    1.018     |    1.022     |    1.038     |    1.002     |    1.091     |    1.007     |    1.033     |    1.063     |    1.025     |    1.070     |    1.001
bin                |  SBin | btagHF     |   PU     |   TTVxsec     |   DLSlope     |   Wpol     |   JEC     |   btagLF     |   DLConst     |   Wxsec     |   nISR     |   TTxsec     |   lepSF
LT1_HT02_NB0_NJ8i_NW0 |   |    1.002     |    1.010     |    1.015     |    1.073     |    1.011     |    1.133     |    1.001     |    1.004     |    1.021     |    1.019     |    1.033     |    1.001
LT1_HT02_NB0_NJ8i_NW1i |   |    1.008     |    1.010     |    1.029     |    1.065     |    1.005     |    1.205     |    1.002     |    1.020     |    1.006     |    1.016     |    1.039     |    1.000
LT1_HT2i_NB0_NJ8i_NW0 |   |    1.001     |    1.004     |    1.010     |    1.052     |    1.012     |    1.041     |    1.002     |    1.013     |    1.012     |    1.031     |    1.006     |    1.000
LT1_HT2i_NB0_NJ8i_NW1i |   |    1.008     |    1.022     |    1.005     |    1.027     |    1.001     |    1.034     |    1.003     |    1.005     |    1.008     |    1.017     |    1.039     |    1.002
LT2_HT02_NB0_NJ8i_NW0 |   |    1.002     |    1.049     |    1.027     |    1.094     |    1.003     |    1.118     |    1.000     |    1.006     |    1.034     |    1.019     |    1.045     |    1.000
LT2_HT02_NB0_NJ8i_NW1i |   |    1.017     |    1.011     |    1.064     |    1.074     |    1.016     |    1.014     |    1.001     |    1.001     |    1.006     |    1.090     |    1.047     |    1.009
LT2_HT2i_NB0_NJ8i_NW0 |   |    1.009     |    1.042     |    1.027     |    1.064     |    1.001     |    1.071     |    1.003     |    1.001     |    1.034     |    1.020     |    1.029     |    1.000
LT2_HT2i_NB0_NJ8i_NW1i |   |    1.006     |    1.036     |    1.031     |    1.091     |    1.015     |    1.021     |    1.004     |    1.028     |    1.014     |    1.082     |    1.015     |    1.003
LT3_HT03_NB0_NJ8i_NW0 |   |    1.007     |    1.068     |    1.046     |    1.107     |    1.006     |    1.165     |    1.001     |    1.018     |    1.045     |    1.024     |    1.047     |    1.002
LT3_HT03_NB0_NJ8i_NW1i |   |    1.006     |    1.083     |    1.107     |    1.117     |    1.041     |    1.031     |    1.006     |    1.019     |    1.019     |    1.108     |    1.006     |    1.010
LT3_HT3i_NB0_NJ8i_NW0 |   |    1.002     |    1.021     |    1.020     |    1.081     |    1.004     |    1.048     |    1.006     |    1.018     |    1.043     |    1.028     |    1.043     |    1.001
LT3_HT3i_NB0_NJ8i_NW1i |   |    1.013     |    1.014     |    1.019     |    1.077     |    1.009     |    1.044     |    1.006     |    1.013     |    1.038     |    1.016     |    1.035     |    1.001
LT4i_HT03_NB0_NJ8i_NW0i |   |    1.012     |    1.082     |    1.070     |    1.096     |    1.075     |    1.080     |    1.003     |    1.037     |    1.052     |    1.081     |    1.045     |    1.003
LT4i_HT3i_NB0_NJ8i_NW0i |   |    1.005     |    1.006     |    1.022     |    1.076     |    1.012     |    1.042     |    1.007     |    1.009     |    1.063     |    1.008     |    1.070     |    1.001
