#mGo	mLSP\ISRweight\ISRweight_up\ISRweight_down
1800	200	1.113966	1.053780	1.181444
600	200	1.124278	1.058357	1.198957
1950	800	1.109319	1.051694	1.173624
2300	900	1.101827	1.048322	1.161089
2500	1200	1.095983	1.045674	1.151378
1150	450	1.126163	1.059193	1.202173
2300	200	1.105722	1.050080	1.167589
2250	300	1.104618	1.049579	1.165748
2250	1100	1.101915	1.048361	1.161235
1300	700	1.121079	1.056942	1.193503
1250	300	1.125811	1.059036	1.201574
1600	100	1.119034	1.056034	1.190027
1050	400	1.127382	1.059731	1.204260
2000	700	1.107507	1.050881	1.170583
1200	850	1.121753	1.057243	1.194647
2100	400	1.109101	1.051597	1.173258
2550	500	1.100630	1.047779	1.159096
2300	1900	1.093505	1.044548	1.147277
2050	1600	1.101378	1.048124	1.160334
2100	1300	1.102994	1.048851	1.163032
2200	1450	1.098740	1.046926	1.155949
1900	1700	1.100240	1.047607	1.158442
1450	500	1.120954	1.056888	1.193288
1450	800	1.116411	1.054868	1.185581
2000	1100	1.108034	1.051120	1.171465
1300	750	1.120116	1.056516	1.191864
1850	850	1.109486	1.051769	1.173906
1800	1300	1.106025	1.050215	1.168099
2400	800	1.098774	1.046941	1.156006
1100	800	1.123724	1.058115	1.198007
1900	1050	1.108789	1.051457	1.172733
1000	800	1.124892	1.058632	1.200001
1850	700	1.113219	1.053443	1.180186
1300	800	1.118731	1.055903	1.189509
2600	1400	1.094563	1.045028	1.149028
2100	1350	1.100490	1.047718	1.158860
1650	1150	1.110430	1.052195	1.175489
2550	400	1.098970	1.047030	1.156331
1950	1400	1.104861	1.049692	1.166152
1500	600	1.118977	1.056008	1.189932
1600	950	1.113776	1.053694	1.181124
1900	1775	1.100347	1.047654	1.158620
2300	1100	1.101784	1.048304	1.161015
1500	1200	1.110896	1.052406	1.176271
1700	850	1.113713	1.053666	1.181018
2200	1300	1.099527	1.047282	1.157258
2000	200	1.109817	1.051917	1.174462
2100	1150	1.102195	1.048489	1.161700
1550	550	1.118526	1.055809	1.189165
1650	1350	1.110779	1.052354	1.176072
850	700	1.125655	1.058967	1.201307
900	600	1.127046	1.059582	1.203686
1300	850	1.119466	1.056228	1.190759
1050	550	1.125610	1.058950	1.201226
1300	550	1.123644	1.058079	1.197871
2000	1350	1.103085	1.048891	1.163185
700	575	1.124398	1.058412	1.199158
700	100	1.128135	1.060059	1.205555
2250	1550	1.096767	1.046030	1.152677
2250	1250	1.102075	1.048433	1.161503
1550	900	1.115453	1.054442	1.183959
2300	1600	1.096326	1.045832	1.151944
2500	1550	1.095907	1.045640	1.151251
2350	1400	1.098169	1.046666	1.155002
2100	1600	1.098383	1.046766	1.155355
1500	1250	1.113300	1.053479	1.180325
2500	1100	1.097179	1.046217	1.153361
1400	1250	1.114023	1.053807	1.181538
1200	1075	1.119567	1.056271	1.190933
2200	1700	1.096280	1.045812	1.151866
1400	650	1.119444	1.056218	1.190722
1100	450	1.126083	1.059158	1.202037
1950	1825	1.099345	1.047203	1.156951
2300	300	1.104444	1.049503	1.165454
2600	1200	1.096614	1.045960	1.152425
2150	1500	1.100364	1.047659	1.158653
1800	800	1.112007	1.052904	1.178141
1550	1000	1.114098	1.053836	1.181669
2550	900	1.099127	1.047099	1.156597
1150	650	1.123644	1.058080	1.197869
800	650	1.126301	1.059253	1.202410
1450	1050	1.116483	1.054901	1.185700
1950	100	1.110575	1.052259	1.175733
800	200	1.130201	1.060970	1.209098
1250	100	1.125452	1.058878	1.200959
2050	1350	1.102152	1.048470	1.161629
1300	300	1.124916	1.058642	1.200041
1700	900	1.112132	1.052958	1.178351
1900	1350	1.104114	1.049355	1.164902
2150	1200	1.103398	1.049032	1.163707
1200	700	1.123438	1.057988	1.197519
2600	0	1.096953	1.046114	1.152987
2200	1000	1.102495	1.048620	1.162206
2600	1300	1.093743	1.044654	1.147674
1350	950	1.118179	1.055654	1.188577
2050	1200	1.105620	1.050033	1.167422
2250	1650	1.096707	1.046006	1.152573
2100	900	1.106561	1.050452	1.169002
1600	1050	1.113845	1.053725	1.181241
1200	900	1.119971	1.056451	1.191618
2400	1550	1.095621	1.045509	1.150778
1850	1725	1.100510	1.047728	1.158892
2050	500	1.109205	1.051642	1.173434
1600	300	1.116937	1.055102	1.186471
1550	800	1.116079	1.054721	1.185016
1600	900	1.114612	1.054068	1.182534
2050	1400	1.103047	1.048874	1.163121
2100	1200	1.103225	1.048957	1.163416
1650	500	1.116011	1.054694	1.184898
900	500	1.127425	1.059748	1.204335
2450	0	1.100100	1.047541	1.158211
1600	600	1.118470	1.055783	1.189071
2150	200	1.106689	1.050515	1.169209
1650	1400	1.108099	1.051151	1.171571
1850	100	1.113687	1.053648	1.180981
1900	1200	1.107029	1.050666	1.169782
1950	700	1.108810	1.051467	1.172769
1350	450	1.122575	1.057603	1.196053
1550	1300	1.111695	1.052762	1.177618
2350	1750	1.096828	1.046059	1.152776
1650	1100	1.109943	1.051976	1.174670
1900	1250	1.107196	1.050747	1.170056
1300	600	1.123043	1.057814	1.196845
1250	200	1.125163	1.058750	1.200466
600	400	1.123070	1.057823	1.196895
2200	100	1.104392	1.049478	1.165370
2000	1750	1.099458	1.047254	1.157139
1950	1450	1.102185	1.048484	1.161683
2100	1800	1.097997	1.046591	1.154715
1150	500	1.126176	1.059200	1.202195
2450	1000	1.098990	1.047036	1.156369
2500	0	1.098972	1.047029	1.156337
1350	400	1.122614	1.057624	1.196114
1150	400	1.126508	1.059346	1.202764
2150	1700	1.096628	1.045969	1.152445
750	625	1.125407	1.058858	1.200883
1000	600	1.125491	1.058897	1.201024
1050	500	1.126719	1.059439	1.203124
2300	1450	1.096196	1.045775	1.151725
2250	1400	1.098960	1.047026	1.156315
1750	750	1.113609	1.053616	1.180846
2050	800	1.109473	1.051764	1.173883
600	450	1.122647	1.057636	1.196174
2050	1250	1.104138	1.049364	1.164945
1950	1650	1.099931	1.047467	1.157927
1250	1125	1.119612	1.056292	1.191008
2050	1700	1.098594	1.046859	1.155708
2150	1600	1.099644	1.047335	1.157453
1850	600	1.113314	1.053488	1.180344
950	825	1.125881	1.059069	1.201690
1600	800	1.112877	1.053288	1.179613
1250	700	1.122387	1.057523	1.195729
1850	1050	1.108600	1.051373	1.172416
950	750	1.124249	1.058346	1.198905
1900	1150	1.106623	1.050485	1.169100
2300	800	1.100546	1.047742	1.158955
1550	500	1.117247	1.055241	1.186994
750	450	1.126659	1.059411	1.203024
1850	1700	1.101560	1.048206	1.160638
2600	1800	1.090489	1.043175	1.142299
1500	850	1.117635	1.055412	1.187654
2000	1250	1.104574	1.049561	1.165672
1500	1150	1.113966	1.053778	1.181445
2150	900	1.105390	1.049931	1.167035
1450	550	1.122695	1.057658	1.196255
1350	0	1.123811	1.058155	1.198154
1450	850	1.116045	1.054708	1.184957
1550	0	1.118952	1.056001	1.189884
2000	0	1.108985	1.051546	1.173062
1600	1475	1.109438	1.051750	1.173822
1300	100	1.125879	1.059068	1.201686
1650	1525	1.109946	1.051982	1.174671
1850	1300	1.108185	1.051188	1.171718
1000	400	1.128348	1.060157	1.205913
1900	1550	1.103041	1.048876	1.163105
2350	1900	1.091869	1.043804	1.144575
2400	1400	1.097096	1.046179	1.153223
2250	400	1.105655	1.050045	1.167485
1600	650	1.116379	1.054852	1.185528
2150	1450	1.102519	1.048638	1.162237
2150	500	1.105813	1.050121	1.167744
2000	1650	1.100279	1.047624	1.158508
2200	1550	1.100783	1.047852	1.159345
2550	1650	1.092433	1.044058	1.145507
2450	300	1.099651	1.047340	1.157462
2250	1300	1.100650	1.047790	1.159126
1700	1400	1.107323	1.050799	1.170273
2600	500	1.099664	1.047345	1.157485
1700	1575	1.104670	1.049608	1.165829
2000	1850	1.099832	1.047422	1.157762
1700	1350	1.106288	1.050339	1.168534
900	200	1.130261	1.060997	1.209201
650	525	1.123915	1.058197	1.198336
2400	100	1.100984	1.047939	1.159684
1950	1750	1.100763	1.047843	1.159313
1050	900	1.123225	1.057896	1.197155
1250	450	1.123896	1.058192	1.198300
2400	1650	1.094620	1.045052	1.149124
2450	200	1.102978	1.048840	1.163009
950	650	1.125890	1.059072	1.201707
2500	500	1.100452	1.047696	1.158803
2150	1000	1.104829	1.049679	1.166096
1750	1300	1.108895	1.051506	1.172910
1550	400	1.117522	1.055363	1.187461
700	400	1.125966	1.059103	1.201840
1400	1200	1.117188	1.055215	1.186895
1050	700	1.123600	1.058059	1.197797
1950	600	1.111789	1.052799	1.177782
1400	600	1.120466	1.056672	1.192458
1900	1450	1.102455	1.048609	1.162129
1000	100	1.129495	1.060661	1.207882
2000	300	1.109298	1.051686	1.173587
2350	1000	1.100383	1.047665	1.158688
1350	750	1.120515	1.056691	1.192545
1450	200	1.121070	1.056942	1.193482
1600	0	1.116999	1.055129	1.186576
2000	900	1.107131	1.050713	1.169952
2200	1500	1.097957	1.046572	1.154650
800	600	1.126262	1.059234	1.202346
1450	1100	1.114827	1.054163	1.182899
1500	200	1.121234	1.057014	1.193761
700	450	1.125144	1.058740	1.200434
1250	950	1.118052	1.055599	1.188360
2250	500	1.103548	1.049100	1.163958
1500	800	1.115322	1.054381	1.183740
1500	550	1.119239	1.056126	1.190376
1500	1100	1.114531	1.054031	1.182398
1950	1350	1.102886	1.048802	1.162850
2150	1850	1.095673	1.045535	1.150862
1950	1050	1.107468	1.050867	1.170513
1150	800	1.122208	1.057444	1.195422
1800	1100	1.108871	1.051492	1.172872
1350	700	1.120489	1.056683	1.192497
1650	1250	1.110499	1.052223	1.175609
2450	100	1.101150	1.048014	1.159963
1100	600	1.124899	1.058634	1.200013
1500	500	1.119062	1.056050	1.190071
1600	1150	1.112284	1.053024	1.178612
1150	550	1.125152	1.058746	1.200446
2450	800	1.099831	1.047421	1.157763
1400	1100	1.115951	1.054664	1.184802
2500	800	1.098833	1.046967	1.156107
1200	550	1.123891	1.058189	1.198291
2300	1500	1.097533	1.046380	1.153944
2050	700	1.108257	1.051218	1.171842
2400	500	1.102633	1.048684	1.162434
1950	1300	1.105099	1.049801	1.166547
1000	875	1.124571	1.058490	1.199452
2050	1150	1.102775	1.048752	1.162667
1550	300	1.120188	1.056546	1.191988
1600	400	1.118836	1.055945	1.189692
1950	400	1.110431	1.052193	1.175494
1000	700	1.124600	1.058500	1.199505
1350	1100	1.115381	1.054410	1.183835
1800	1200	1.109026	1.051566	1.173128
2400	1700	1.094566	1.045031	1.149030
2100	1900	1.096259	1.045804	1.151829
1350	200	1.122917	1.057754	1.196636
1700	200	1.115140	1.054301	1.183432
1650	600	1.115760	1.054572	1.184487
1600	500	1.117363	1.055296	1.187186
1200	450	1.125536	1.058916	1.201102
2400	1100	1.098657	1.046887	1.155814
1500	1300	1.111411	1.052636	1.177138
1750	200	1.114213	1.053886	1.181865
1950	500	1.111517	1.052682	1.177318
1150	900	1.121415	1.057093	1.194071
2500	300	1.099474	1.047256	1.157173
2000	1400	1.103464	1.049062	1.163817
900	0	1.129119	1.060494	1.207239
1900	1750	1.101609	1.048229	1.160718
1650	800	1.113505	1.053570	1.180670
1550	1425	1.110301	1.052137	1.175271
950	450	1.127357	1.059719	1.204219
800	500	1.126219	1.059215	1.202272
1850	800	1.111547	1.052695	1.177368
2500	1850	1.091775	1.043757	1.144424
1000	200	1.129605	1.060710	1.208072
1000	850	1.124963	1.058663	1.200121
2450	1800	1.093677	1.044625	1.147562
750	500	1.125900	1.059076	1.201726
1400	800	1.120802	1.056822	1.193027
1750	1550	1.105208	1.049851	1.166727
2050	100	1.108445	1.051301	1.172158
2350	1700	1.092484	1.044087	1.145587
1050	850	1.123018	1.057803	1.196801
2250	200	1.103831	1.049226	1.164432
2200	0	1.107532	1.050893	1.170623
1950	0	1.109299	1.051686	1.173590
1550	1150	1.112454	1.053105	1.178891
1900	0	1.110986	1.052444	1.176425
1950	1000	1.107919	1.051068	1.171272
1850	1100	1.107696	1.050968	1.170898
2450	400	1.101131	1.048004	1.159931
2600	1000	1.095610	1.045506	1.150758
2600	1650	1.092800	1.044226	1.146114
2150	100	1.107975	1.051092	1.171366
1150	850	1.120788	1.056814	1.193006
2400	1200	1.099392	1.047220	1.157035
2300	1650	1.097627	1.046422	1.154101
1350	850	1.117989	1.055572	1.188251
1950	1550	1.102117	1.048456	1.161567
1750	300	1.115196	1.054326	1.183525
2100	500	1.108056	1.051128	1.171504
1600	1100	1.112961	1.053328	1.179752
1900	1650	1.102046	1.048423	1.161448
2000	1200	1.104997	1.049755	1.166376
1450	0	1.120238	1.056568	1.192073
2550	100	1.100804	1.047859	1.159384
2100	0	1.105708	1.050073	1.167569
1850	1650	1.103076	1.048888	1.163169
2400	1600	1.096252	1.045799	1.151820
1450	900	1.117958	1.055560	1.188197
1900	1100	1.108215	1.051200	1.171769
1450	1200	1.113211	1.053440	1.180172
1100	300	1.127702	1.059872	1.204807
1350	800	1.120670	1.056759	1.192810
2350	1850	1.094270	1.044897	1.148541
2350	300	1.103329	1.049000	1.163594
1900	100	1.110136	1.052060	1.174999
1850	900	1.111005	1.052449	1.176460
2450	1550	1.095580	1.045491	1.150711
2350	1300	1.099384	1.047216	1.157022
1550	1250	1.111359	1.052613	1.177049
1850	300	1.115229	1.054343	1.183579
1300	400	1.123607	1.058061	1.197810
1350	1225	1.115198	1.054329	1.183525
2150	1650	1.098373	1.046760	1.155341
2250	900	1.104452	1.049503	1.165473
1500	400	1.118898	1.055976	1.189795
1800	300	1.114333	1.053944	1.182062
1500	700	1.118818	1.055942	1.189657
2550	800	1.098128	1.046648	1.154934
1150	950	1.120915	1.056870	1.193223
1550	1050	1.114168	1.053870	1.181784
1750	1000	1.112555	1.053147	1.179066
1650	850	1.116836	1.055056	1.186301
900	450	1.128317	1.060142	1.205863
2000	600	1.108523	1.051339	1.172287
1200	300	1.126251	1.059232	1.202324
900	700	1.126445	1.059318	1.202654
1250	850	1.120546	1.056709	1.192591
2550	200	1.099903	1.047449	1.157887
1300	450	1.123867	1.058179	1.198250
1250	900	1.119244	1.056130	1.190380
1650	1200	1.110482	1.052220	1.175575
2200	1600	1.098671	1.046894	1.155837
1500	750	1.119840	1.056390	1.191399
1500	650	1.118063	1.055601	1.188382
2100	1700	1.099670	1.047351	1.157490
1500	1350	1.109687	1.051860	1.174241
2200	1900	1.091904	1.043819	1.144633
1400	1150	1.113244	1.053456	1.180228
2450	1750	1.094283	1.044903	1.148561
2350	700	1.100210	1.047590	1.158397
2100	600	1.106584	1.050468	1.169034
1400	550	1.120654	1.056755	1.192778
2100	1000	1.104381	1.049475	1.165349
2500	600	1.099205	1.047133	1.156727
750	550	1.125900	1.059076	1.201723
1100	850	1.122716	1.057669	1.196289
1850	1150	1.107424	1.050842	1.170447
2150	1750	1.097200	1.046229	1.153392
2350	500	1.102710	1.048718	1.162564
2500	400	1.098536	1.046830	1.155614
2500	900	1.098313	1.046731	1.155243
1450	1150	1.113347	1.053499	1.180404
1650	400	1.117602	1.055399	1.187596
2200	400	1.104605	1.049576	1.165723
2450	1700	1.094109	1.044823	1.148275
2400	600	1.101405	1.048132	1.160383
600	100	1.124563	1.058482	1.199444
1750	850	1.111260	1.052566	1.176888
1200	1050	1.119862	1.056404	1.191431
1900	400	1.113350	1.053503	1.180406
1800	1350	1.105512	1.049984	1.167241
2500	1700	1.093257	1.044436	1.146865
2100	300	1.107226	1.050754	1.170113
2400	0	1.103352	1.049007	1.163635
1550	850	1.116138	1.054751	1.185112
1600	1400	1.108236	1.051212	1.171802
1650	900	1.113943	1.053767	1.181409
1200	800	1.123008	1.057799	1.196784
1950	900	1.107250	1.050764	1.170154
2600	1900	1.089709	1.042815	1.141020
2300	1850	1.094767	1.045124	1.149360
1350	1050	1.116086	1.054725	1.185028
1750	1150	1.109134	1.051613	1.173312
1300	1050	1.116122	1.054739	1.185091
1750	1450	1.105698	1.050070	1.167550
2050	1500	1.100661	1.047796	1.159145
1600	1350	1.110362	1.052166	1.175372
2550	300	1.099408	1.047226	1.157063
1600	1300	1.109652	1.051848	1.174179
2150	0	1.106986	1.050648	1.169708
1350	1150	1.116378	1.054852	1.185526
2600	800	1.097358	1.046299	1.153656
2500	1800	1.092131	1.043922	1.145009
1100	900	1.123244	1.057903	1.197189
2200	900	1.103377	1.049020	1.163675
950	700	1.125191	1.058763	1.200513
2400	1500	1.093535	1.044560	1.147328
1350	1000	1.115477	1.054453	1.183998
1200	100	1.126247	1.059231	1.202316
1900	300	1.108979	1.051544	1.173052
1800	1450	1.106029	1.050217	1.168107
700	500	1.125890	1.059070	1.201709
2550	1750	1.092810	1.044228	1.146133
1700	950	1.111269	1.052569	1.176903
1300	200	1.124695	1.058545	1.199664
2200	600	1.105558	1.050002	1.167321
2000	1550	1.102381	1.048577	1.162006
2300	1350	1.100840	1.047874	1.159446
600	0	1.124113	1.058283	1.198676
800	450	1.128150	1.060068	1.205577
1650	1450	1.107109	1.050706	1.169910
1750	0	1.114351	1.053946	1.182100
1650	0	1.117793	1.055485	1.187919
1100	975	1.122781	1.057699	1.196398
1400	0	1.120196	1.056552	1.191998
1000	450	1.127777	1.059905	1.204936
2150	1300	1.099652	1.047337	1.157469
1600	750	1.116089	1.054723	1.185035
1400	1275	1.115198	1.054331	1.183525
1350	650	1.122174	1.057429	1.195364
1200	950	1.120004	1.056467	1.191672
2100	1500	1.101452	1.048154	1.160462
1400	450	1.122003	1.057355	1.195071
1900	1000	1.108641	1.051391	1.172485
2050	900	1.106618	1.050486	1.169088
1850	1400	1.106947	1.050630	1.169642
1950	1700	1.100435	1.047695	1.158765
2550	1300	1.096924	1.046099	1.152938
2050	1800	1.096571	1.045944	1.152348
2500	100	1.100597	1.047766	1.159037
1100	550	1.126344	1.059272	1.202484
1700	1200	1.109614	1.051832	1.174113
1850	200	1.112487	1.053114	1.178954
1100	100	1.128582	1.060259	1.206317
1350	600	1.123202	1.057886	1.197115
950	550	1.126827	1.059485	1.203311
1750	1200	1.109886	1.051951	1.174574
2000	1150	1.105197	1.049843	1.166712
2200	1850	1.095646	1.045525	1.150814
1250	400	1.125707	1.058992	1.201393
1900	1500	1.102867	1.048796	1.162816
2550	1700	1.094049	1.044793	1.148179
950	600	1.126488	1.059336	1.202730
2200	700	1.105108	1.049802	1.166566
1450	650	1.117886	1.055524	1.188078
1500	950	1.116943	1.055104	1.186482
2250	1500	1.096615	1.045961	1.152424
1450	750	1.118183	1.055655	1.188585
1250	1100	1.118222	1.055675	1.188646
2350	1650	1.093859	1.044713	1.147857
1450	950	1.115964	1.054669	1.184824
1450	1250	1.113373	1.053511	1.180448
2550	1100	1.097048	1.046158	1.153143
900	650	1.126618	1.059393	1.202951
2550	1000	1.096498	1.045907	1.152232
2450	1900	1.092590	1.044132	1.145763
2600	1100	1.097892	1.046539	1.154544
2500	1600	1.093045	1.044340	1.146514
2250	1200	1.101849	1.048331	1.161124
2000	1300	1.103878	1.049248	1.164510
1650	100	1.116555	1.054935	1.185820
2550	1400	1.094360	1.044936	1.148692
1050	450	1.127240	1.059667	1.204018
2150	1250	1.103696	1.049167	1.164203
2350	800	1.102907	1.048806	1.162893
1550	750	1.116174	1.054762	1.185180
2000	1500	1.101229	1.048052	1.160091
1600	1250	1.111237	1.052560	1.176842
950	500	1.127352	1.059716	1.204211
1300	900	1.119052	1.056045	1.190053
2350	1600	1.096592	1.045951	1.152386
650	400	1.124288	1.058362	1.198974
1900	600	1.110198	1.052090	1.175101
2400	1300	1.097924	1.046555	1.154597
1850	1500	1.103817	1.049224	1.164403
1550	200	1.117379	1.055296	1.187224
850	400	1.129037	1.060459	1.207099
850	550	1.126768	1.059458	1.203210
2050	1650	1.099965	1.047479	1.157988
1650	1500	1.107232	1.050760	1.170118
1300	1000	1.117470	1.055339	1.187375
2100	100	1.107706	1.050971	1.170916
1700	700	1.114374	1.053958	1.182136
2250	100	1.104208	1.049394	1.165065
2600	1850	1.089667	1.042801	1.140944
1750	1350	1.108460	1.051311	1.172178
1950	1800	1.099478	1.047265	1.157171
1550	1350	1.110433	1.052200	1.175490
1250	550	1.123597	1.058059	1.197790
1900	1300	1.106235	1.050306	1.168456
600	300	1.123371	1.057956	1.197408
1200	750	1.122236	1.057456	1.195470
1700	400	1.116078	1.054721	1.185015
1000	750	1.124562	1.058485	1.199438
1400	200	1.122111	1.057401	1.195258
2100	1400	1.103584	1.049115	1.164018
2350	900	1.102093	1.048439	1.161534
600	475	1.122829	1.057717	1.196483
2450	1850	1.091366	1.043572	1.143747
1450	300	1.121078	1.056938	1.193504
1450	600	1.120023	1.056475	1.191706
2400	400	1.100645	1.047783	1.159125
1500	0	1.119919	1.056429	1.191529
1500	300	1.119855	1.056402	1.191417
1900	200	1.112852	1.053278	1.179569
2250	700	1.104769	1.049647	1.166001
2050	200	1.109519	1.051786	1.173957
1700	0	1.115662	1.054534	1.184312
1500	1375	1.110792	1.052357	1.176097
1500	900	1.114824	1.054156	1.182901
1750	600	1.115541	1.054480	1.184109
1800	1600	1.103575	1.049117	1.163997
950	400	1.127938	1.059974	1.205215
2100	1450	1.097939	1.046565	1.154617
1800	1000	1.109681	1.051861	1.174228
2150	1550	1.098841	1.046971	1.156118
2150	1800	1.096182	1.045768	1.151703
2600	400	1.099679	1.047349	1.157513
1800	100	1.113292	1.053474	1.180311
2250	1800	1.095043	1.045249	1.149818
1700	1300	1.109879	1.051950	1.174561
2450	1100	1.098764	1.046936	1.155992
1900	900	1.110215	1.052100	1.175126
2500	1000	1.098938	1.047012	1.156283
2400	300	1.101631	1.048230	1.160765
2550	1900	1.092549	1.044109	1.145701
1000	0	1.128983	1.060436	1.207004
1750	400	1.114684	1.054096	1.182662
2100	1550	1.100092	1.047539	1.158196
1650	1300	1.108301	1.051241	1.171910
1950	1500	1.100541	1.047742	1.158945
1200	0	1.127105	1.059608	1.203785
2450	1300	1.096601	1.045956	1.152401
1050	650	1.124717	1.058554	1.199703
2250	0	1.105418	1.049942	1.167084
2600	200	1.097862	1.046528	1.154493
1200	600	1.123770	1.058135	1.198085
2150	1150	1.102251	1.048515	1.161793
2150	1400	1.101463	1.048158	1.160481
2300	600	1.103528	1.049089	1.163925
900	775	1.126157	1.059190	1.202164
2350	100	1.100469	1.047705	1.158829
1700	1050	1.112130	1.052955	1.178352
2350	1450	1.099392	1.047224	1.157031
1750	700	1.115532	1.054474	1.184097
1700	1500	1.106473	1.050420	1.168844
1650	300	1.116866	1.055069	1.186352
1900	800	1.110939	1.052422	1.176348
1050	925	1.123535	1.058032	1.197685
1700	100	1.115866	1.054622	1.184661
2300	1800	1.095297	1.045363	1.150241
1250	650	1.121496	1.057127	1.194212
800	550	1.126388	1.059290	1.202560
800	400	1.128101	1.060046	1.205494
1600	1450	1.106706	1.050527	1.169234
800	100	1.130525	1.061112	1.209655
1850	400	1.112755	1.053232	1.179408
1600	1000	1.112100	1.052943	1.178300
1600	700	1.117805	1.055491	1.187938
1950	1100	1.106253	1.050322	1.168475
1400	1000	1.114731	1.054118	1.182739
1550	1200	1.111044	1.052469	1.176522
1800	1550	1.103987	1.049300	1.164688
1450	1325	1.113451	1.053551	1.180573
1400	400	1.123460	1.057993	1.197563
1950	1250	1.105047	1.049775	1.166463
1950	200	1.111621	1.052726	1.177495
2300	1000	1.101861	1.048340	1.161142
2000	800	1.108765	1.051448	1.172691
2050	1100	1.106431	1.050397	1.168780
2250	1600	1.096980	1.046125	1.153033
2050	1550	1.101341	1.048101	1.160279
2250	1350	1.100834	1.047872	1.159436
2350	200	1.102894	1.048801	1.162870
1700	800	1.114208	1.053888	1.181852
1750	1625	1.105288	1.049886	1.166863
1750	1400	1.105501	1.049983	1.167217
2000	1700	1.099572	1.047304	1.157331
2600	300	1.097420	1.046326	1.153761
2550	1200	1.095590	1.045493	1.150730
2000	1600	1.100656	1.047793	1.159137
1700	1000	1.112598	1.053167	1.179139
1250	800	1.120837	1.056837	1.193089
2200	1250	1.102504	1.048626	1.162217
1200	500	1.124699	1.058548	1.199670
1900	700	1.111088	1.052488	1.176598
1700	1150	1.109130	1.051615	1.173299
1550	950	1.113080	1.053383	1.179949
1300	500	1.123179	1.057873	1.197079
1450	100	1.123752	1.058124	1.198059
1750	500	1.115283	1.054365	1.183674
1450	400	1.122753	1.057689	1.196348
2450	500	1.101342	1.048099	1.160282
2450	1650	1.093692	1.044633	1.147586
1300	1150	1.118770	1.055918	1.189577
1850	1250	1.108089	1.051144	1.171558
2500	1500	1.096682	1.045991	1.152536
1450	1300	1.111038	1.052473	1.176505
2250	800	1.102884	1.048799	1.162851
700	200	1.128322	1.060142	1.205876
2100	1850	1.095767	1.045578	1.151018
2350	0	1.101314	1.048091	1.160232
2500	1300	1.097430	1.046329	1.153778
2600	700	1.099252	1.047156	1.156803
2250	1700	1.096424	1.045875	1.152108
1000	300	1.128545	1.060243	1.206253
2100	1250	1.102094	1.048446	1.161529
1650	750	1.113384	1.053518	1.180463
1550	1100	1.114128	1.053849	1.181722
1600	1200	1.111332	1.052599	1.177006
2200	1100	1.103582	1.049114	1.164016
1750	1500	1.105478	1.049972	1.167180
2050	1050	1.106436	1.050400	1.168789
2150	1350	1.101818	1.048316	1.161075
650	450	1.123949	1.058211	1.198394
1050	600	1.125679	1.058978	1.201347
1750	1250	1.109700	1.051871	1.174258
1200	650	1.122833	1.057720	1.196488
850	450	1.127776	1.059903	1.204935
850	600	1.126353	1.059275	1.202502
2100	200	1.105802	1.050114	1.167726
1700	300	1.117310	1.055266	1.187106
1650	700	1.114848	1.054169	1.182939
2550	700	1.098823	1.046963	1.156089
800	675	1.126130	1.059178	1.202118
1600	200	1.120172	1.056543	1.191955
1150	600	1.124955	1.058659	1.200109
1100	0	1.127514	1.059789	1.204486
2350	1100	1.099073	1.047077	1.156502
1200	1000	1.119246	1.056131	1.190385
1400	1050	1.116718	1.055006	1.186099
1950	950	1.108063	1.051133	1.171512
2400	1800	1.094691	1.045088	1.149237
1400	750	1.118437	1.055767	1.189016
2100	700	1.106099	1.050251	1.168220
2350	1800	1.094130	1.044833	1.148309
2150	1100	1.103479	1.049067	1.163846
1850	1350	1.104705	1.049621	1.165892
2550	1600	1.093480	1.044536	1.147236
1800	900	1.111168	1.052525	1.176732
2400	200	1.101083	1.047984	1.159850
2350	400	1.102250	1.048512	1.161794
1150	750	1.122675	1.057651	1.196219
2000	1050	1.108005	1.051105	1.171418
2300	400	1.102048	1.048419	1.161459
1800	0	1.115369	1.054404	1.183818
1250	500	1.123819	1.058157	1.198169
800	300	1.129337	1.060591	1.207613
2450	1200	1.098263	1.046706	1.155162
2100	1100	1.104298	1.049437	1.165211
1700	1250	1.109238	1.051662	1.173482
1000	500	1.126566	1.059370	1.202864
1150	1025	1.120363	1.056627	1.192282
1050	750	1.124752	1.058570	1.199762
1800	1250	1.105613	1.050031	1.167409
1900	1400	1.105811	1.050120	1.167740
2300	1750	1.095188	1.045318	1.150055
2150	800	1.106106	1.050252	1.168234
2150	400	1.105213	1.049849	1.166742
1150	700	1.123262	1.057911	1.197218
1800	950	1.111052	1.052472	1.176538
2300	1200	1.099362	1.047206	1.156985
2250	1750	1.093844	1.044702	1.147836
2150	600	1.106249	1.050315	1.168476
2600	900	1.098495	1.046811	1.155548
2050	400	1.108335	1.051251	1.171974
2000	1450	1.101824	1.048322	1.161081
2050	1000	1.106024	1.050213	1.168100
1750	1050	1.111181	1.052529	1.176754
2050	1300	1.104752	1.049642	1.165971
1300	650	1.121356	1.057068	1.193971
2050	1750	1.098080	1.046627	1.154853
650	500	1.124009	1.058240	1.198495
2200	300	1.104752	1.049639	1.165974
1100	400	1.126783	1.059466	1.203235
1650	1000	1.111692	1.052763	1.177609
850	725	1.127041	1.059579	1.203677
1800	1050	1.110717	1.052320	1.175976
700	300	1.125963	1.059102	1.201834
1800	400	1.114273	1.053913	1.181967
1550	1400	1.108986	1.051549	1.173059
2050	1850	1.097662	1.046437	1.154160
900	300	1.129831	1.060807	1.208463
1350	300	1.123844	1.058166	1.198215
2200	800	1.103196	1.048941	1.163369
1250	1050	1.118299	1.055709	1.188778
1650	950	1.114070	1.053825	1.181622
1550	650	1.118923	1.055983	1.189842
2400	900	1.100625	1.047779	1.159084
2150	700	1.105884	1.050150	1.167865
1700	600	1.115034	1.054255	1.183249
1000	650	1.125969	1.059107	1.201842
1700	1550	1.108211	1.051202	1.171758
2300	700	1.103653	1.049147	1.164133
2000	400	1.110928	1.052417	1.176329
2450	1500	1.095315	1.045372	1.150270
700	0	1.126944	1.059534	1.203514
1400	950	1.115197	1.054326	1.183526
1350	1200	1.116252	1.054799	1.185309
750	400	1.126738	1.059444	1.203160
2550	1550	1.093577	1.044578	1.147399
1550	700	1.115515	1.054465	1.184069
1200	400	1.125877	1.059066	1.201685
2300	1400	1.098903	1.047000	1.156220
2400	1000	1.098755	1.046932	1.155976
1850	1600	1.103184	1.048939	1.163346
1750	950	1.111307	1.052592	1.176960
2550	1850	1.089864	1.042889	1.141271
2050	1450	1.102393	1.048578	1.162031
1850	1000	1.112005	1.052899	1.178141
1700	1100	1.111689	1.052758	1.177608
2050	1900	1.096288	1.045818	1.151876
1850	1450	1.104266	1.049424	1.165156
1100	950	1.122181	1.057432	1.195377
2450	1450	1.095972	1.045671	1.151357
1100	500	1.126293	1.059249	1.202397
2250	1450	1.100111	1.047546	1.158230
2450	700	1.100932	1.047917	1.159597
2200	1200	1.101344	1.048105	1.160281
1700	750	1.115510	1.054467	1.184054
1250	0	1.124841	1.058612	1.199910
2550	1800	1.090702	1.043269	1.142653
1250	600	1.122139	1.057415	1.195304
1500	1050	1.114477	1.054009	1.182306
2000	1875	1.098691	1.046906	1.155866
1450	450	1.120648	1.056756	1.192763
2400	1750	1.094874	1.045171	1.149539
1300	1100	1.116259	1.054802	1.185320
2400	1850	1.091735	1.043745	1.144350
2450	1400	1.096732	1.046017	1.152615
1350	550	1.121714	1.057223	1.194585
900	750	1.126125	1.059175	1.202109
2300	0	1.103524	1.049086	1.163922
2350	1200	1.098876	1.046986	1.156179
1550	100	1.118563	1.055827	1.189225
1000	550	1.126314	1.059260	1.202432
2600	1700	1.092184	1.043943	1.145099
700	550	1.125245	1.058785	1.200606
1700	1450	1.107071	1.050688	1.169850
2000	1800	1.097486	1.046362	1.153862
1900	1600	1.101846	1.048334	1.161116
2200	1350	1.100409	1.047687	1.158719
1800	1500	1.104771	1.049654	1.165998
2450	900	1.101671	1.048251	1.160828
1550	600	1.118474	1.055788	1.189075
2400	1900	1.094394	1.044952	1.148747
1800	1400	1.104240	1.049413	1.165112
2150	300	1.107127	1.050711	1.169945
1250	750	1.121691	1.057214	1.194545
850	500	1.126990	1.059556	1.203592
850	650	1.126639	1.059401	1.202990
2100	800	1.104974	1.049739	1.166344
1850	1550	1.102433	1.048601	1.162091
2400	700	1.101334	1.048098	1.160268
1850	500	1.113239	1.053451	1.180223
1800	1150	1.110456	1.052206	1.175532
1050	800	1.123324	1.057937	1.197325
1850	950	1.112430	1.053090	1.178857
2550	600	1.098692	1.046903	1.155870
1750	1600	1.104263	1.049425	1.165148
2300	1300	1.099231	1.047147	1.156768
1900	500	1.112635	1.053179	1.179207
750	600	1.126407	1.059300	1.202591
1750	800	1.112571	1.053153	1.179093
1800	850	1.113389	1.053518	1.180475
2350	1350	1.097973	1.046580	1.154674
2300	100	1.104588	1.049566	1.165698
1400	700	1.120857	1.056846	1.193121
1200	200	1.126805	1.059479	1.203269
2500	1400	1.094368	1.044939	1.148705
1600	850	1.115551	1.054483	1.184129
900	400	1.128692	1.060307	1.206506
1350	500	1.122394	1.057526	1.195739
1800	600	1.113272	1.053467	1.180277
2000	500	1.111610	1.052721	1.177479
2200	1750	1.096361	1.045850	1.151998
2350	600	1.102440	1.048596	1.162113
1800	500	1.113912	1.053749	1.181361
1450	700	1.118182	1.055656	1.188582
1950	1600	1.101242	1.048059	1.160110
1450	1000	1.114034	1.053804	1.181567
1300	1175	1.116984	1.055124	1.186550
1500	100	1.117900	1.055532	1.188102
1300	950	1.119903	1.056421	1.191503
1750	1100	1.109996	1.052001	1.174758
1500	1000	1.116915	1.055092	1.186434
2500	1650	1.095802	1.045594	1.151075
1100	650	1.124289	1.058365	1.198971
1650	650	1.115943	1.054657	1.184792
2600	1500	1.093489	1.044538	1.147254
1100	200	1.127936	1.059975	1.205208
1350	900	1.119578	1.056277	1.190950
2300	1700	1.095048	1.045247	1.149833
2500	200	1.099353	1.047204	1.156968
2250	1000	1.101191	1.048036	1.160026
2450	600	1.099781	1.047395	1.157684
1950	1150	1.108493	1.051324	1.172237
2500	700	1.100312	1.047635	1.158566
2600	600	1.099539	1.047289	1.157276
1750	900	1.109896	1.051955	1.174593
2300	500	1.103443	1.049052	1.163782
2500	1750	1.093103	1.044366	1.146612
2150	1900	1.095378	1.045403	1.150371
2050	600	1.109748	1.051886	1.174346
2200	1650	1.098803	1.046955	1.156054
1650	1050	1.114325	1.053938	1.182051
1400	850	1.119974	1.056454	1.191621
1350	100	1.123266	1.057912	1.197227
2250	1850	1.094445	1.044978	1.148828
1750	100	1.115032	1.054251	1.183251
2550	1500	1.093934	1.044743	1.147986
1300	0	1.124048	1.058259	1.198560
2300	1550	1.097732	1.046467	1.154278
1950	300	1.109725	1.051878	1.174305
2500	1900	1.091506	1.043636	1.143979
1950	1200	1.103838	1.049233	1.164439
1800	700	1.112987	1.053337	1.179800
2200	1800	1.095264	1.045351	1.150181
1650	200	1.118214	1.055670	1.188636
1400	100	1.122861	1.057733	1.196534
1400	500	1.121332	1.057057	1.193931
1800	1675	1.101815	1.048321	1.161060
2600	100	1.096561	1.045937	1.152335
900	100	1.131147	1.061385	1.210725
900	550	1.126512	1.059344	1.202773
2550	0	1.099716	1.047365	1.157575
1250	1000	1.118579	1.055833	1.189254
2000	1000	1.107604	1.050922	1.170750
1150	1000	1.121673	1.057209	1.194508
2250	1900	1.093212	1.044417	1.146789
2600	1750	1.092639	1.044154	1.145846
2200	1400	1.100168	1.047572	1.158325
1800	1650	1.103677	1.049160	1.164171
2350	1500	1.097927	1.046556	1.154601
2350	1550	1.095311	1.045368	1.150265
1850	1200	1.107263	1.050773	1.170171
1700	500	1.117308	1.055265	1.187103
1100	700	1.123734	1.058118	1.198025
950	800	1.124735	1.058562	1.199733
2100	1750	1.097455	1.046341	1.153819
2600	1600	1.093328	1.044466	1.146987
800	0	1.128855	1.060379	1.206786
1100	750	1.123580	1.058051	1.197761
2200	200	1.106666	1.050501	1.169175
2250	600	1.105923	1.050171	1.167926
2400	1450	1.096591	1.045949	1.152386
1850	0	1.112620	1.053172	1.179181
2000	100	1.110832	1.052370	1.176171
1400	900	1.117860	1.055512	1.188037
1900	950	1.108598	1.051373	1.172411
2050	0	1.109580	1.051814	1.174060
2200	500	1.105928	1.050168	1.167943
2050	300	1.107543	1.050900	1.170641
2450	1600	1.094874	1.045172	1.149540
1400	300	1.122502	1.057574	1.195923
2100	1650	1.099588	1.047313	1.157356
