#mGo	mLSP	Total	TotGenW	Counts	genWeight
1800	200	35820984	35820984.000	19294	19294.000
600	200	35820984	35820984.000	432723	432723.000
1950	800	35820984	35820984.000	19812	19812.000
1850	1400	35820984	35820984.000	18803	18803.000
2500	1200	35820984	35820984.000	17992	17992.000
1150	450	35820984	35820984.000	100661	100661.000
2250	300	35820984	35820984.000	23745	23745.000
2250	1100	35820984	35820984.000	17897	17897.000
1300	700	35820984	35820984.000	37496	37496.000
1250	300	35820984	35820984.000	54286	54286.000
600	375	35820984	35820984.000	425091	425091.000
1600	100	35820984	35820984.000	21158	21158.000
1050	400	35820984	35820984.000	154833	154833.000
2000	700	35820984	35820984.000	21360	21360.000
1200	850	35820984	35820984.000	72990	72990.000
2100	400	35820984	35820984.000	20970	20970.000
2550	500	35820984	35820984.000	17623	17623.000
2400	0	35820984	35820984.000	20162	20162.000
2050	1600	35820984	35820984.000	22047	22047.000
2100	1300	35820984	35820984.000	19053	19053.000
2200	1450	35820984	35820984.000	22087	22087.000
1950	1450	35820984	35820984.000	21274	21274.000
1150	400	35820984	35820984.000	100498	100498.000
1450	800	35820984	35820984.000	21024	21024.000
2000	1100	35820984	35820984.000	22342	22342.000
1300	750	35820984	35820984.000	36329	36329.000
1350	1125	35820984	35820984.000	28254	28254.000
1850	850	35820984	35820984.000	21689	21689.000
1800	1300	35820984	35820984.000	19191	19191.000
2400	800	35820984	35820984.000	19630	19630.000
1100	800	35820984	35820984.000	141575	141575.000
1900	1050	35820984	35820984.000	21764	21764.000
2700	1100	35820984	35820984.000	21418	21418.000
1850	700	35820984	35820984.000	22453	22453.000
2700	1000	35820984	35820984.000	19105	19105.000
1300	800	35820984	35820984.000	34042	34042.000
2600	1400	35820984	35820984.000	20664	20664.000
2100	1350	35820984	35820984.000	18161	18161.000
900	675	35820984	35820984.000	152963	152963.000
1650	1150	35820984	35820984.000	19041	19041.000
2550	400	35820984	35820984.000	18861	18861.000
1950	1400	35820984	35820984.000	19894	19894.000
1500	600	35820984	35820984.000	18867	18867.000
1600	950	35820984	35820984.000	18885	18885.000
2300	1100	35820984	35820984.000	20044	20044.000
1500	1200	35820984	35820984.000	17766	17766.000
1700	850	35820984	35820984.000	19715	19715.000
950	350	35820984	35820984.000	151435	151435.000
2000	200	35820984	35820984.000	20200	20200.000
2800	100	35820984	35820984.000	20570	20570.000
2100	1150	35820984	35820984.000	21403	21403.000
1650	1350	35820984	35820984.000	20888	20888.000
1100	875	35820984	35820984.000	143484	143484.000
900	600	35820984	35820984.000	147432	147432.000
1300	850	35820984	35820984.000	39576	39576.000
1050	550	35820984	35820984.000	153278	153278.000
1350	600	35820984	35820984.000	31539	31539.000
2000	1350	35820984	35820984.000	21990	21990.000
700	100	35820984	35820984.000	157980	157980.000
1550	900	35820984	35820984.000	20496	20496.000
1150	350	35820984	35820984.000	96887	96887.000
2500	1550	35820984	35820984.000	20542	20542.000
2350	1400	35820984	35820984.000	18928	18928.000
2100	1600	35820984	35820984.000	20466	20466.000
1500	1250	35820984	35820984.000	20410	20410.000
2500	1100	35820984	35820984.000	17663	17663.000
1400	650	35820984	35820984.000	21722	21722.000
1100	450	35820984	35820984.000	140734	140734.000
2300	300	35820984	35820984.000	18150	18150.000
2600	1200	35820984	35820984.000	22150	22150.000
2750	700	35820984	35820984.000	23876	23876.000
2150	1500	35820984	35820984.000	21136	21136.000
1800	800	35820984	35820984.000	21170	21170.000
1550	1000	35820984	35820984.000	20500	20500.000
2550	900	35820984	35820984.000	21189	21189.000
1150	650	35820984	35820984.000	100030	100030.000
2450	700	35820984	35820984.000	17587	17587.000
1450	1050	35820984	35820984.000	20945	20945.000
1950	100	35820984	35820984.000	20971	20971.000
800	200	35820984	35820984.000	151704	151704.000
1550	200	35820984	35820984.000	20323	20323.000
1300	300	35820984	35820984.000	42733	42733.000
2650	1600	35820984	35820984.000	20271	20271.000
1700	900	35820984	35820984.000	19266	19266.000
1900	1350	35820984	35820984.000	23166	23166.000
1200	700	35820984	35820984.000	66614	66614.000
2600	0	35820984	35820984.000	20938	20938.000
1350	950	35820984	35820984.000	29768	29768.000
2050	1200	35820984	35820984.000	20959	20959.000
2100	900	35820984	35820984.000	19829	19829.000
1600	1050	35820984	35820984.000	18081	18081.000
2750	1100	35820984	35820984.000	19706	19706.000
2650	1100	35820984	35820984.000	19157	19157.000
1200	900	35820984	35820984.000	68955	68955.000
2400	1550	35820984	35820984.000	17755	17755.000
2200	700	35820984	35820984.000	21895	21895.000
1300	350	35820984	35820984.000	36039	36039.000
1600	300	35820984	35820984.000	20950	20950.000
1550	800	35820984	35820984.000	19629	19629.000
1600	900	35820984	35820984.000	19121	19121.000
2050	1400	35820984	35820984.000	19733	19733.000
2100	1200	35820984	35820984.000	19753	19753.000
1650	500	35820984	35820984.000	15471	15471.000
900	500	35820984	35820984.000	151700	151700.000
2450	0	35820984	35820984.000	19304	19304.000
1600	600	35820984	35820984.000	21019	21019.000
2150	200	35820984	35820984.000	20997	20997.000
1650	1400	35820984	35820984.000	20991	20991.000
1900	1200	35820984	35820984.000	20166	20166.000
1950	700	35820984	35820984.000	19658	19658.000
1350	450	35820984	35820984.000	27976	27976.000
1800	1400	35820984	35820984.000	18100	18100.000
1700	600	35820984	35820984.000	22806	22806.000
2800	400	35820984	35820984.000	23252	23252.000
1900	1250	35820984	35820984.000	22418	22418.000
1300	600	35820984	35820984.000	37260	37260.000
1250	200	35820984	35820984.000	53235	53235.000
2500	200	35820984	35820984.000	20410	20410.000
1650	1425	35820984	35820984.000	18590	18590.000
2200	100	35820984	35820984.000	19464	19464.000
2650	200	35820984	35820984.000	20659	20659.000
2250	1550	35820984	35820984.000	20037	20037.000
1150	500	35820984	35820984.000	97095	97095.000
2450	1000	35820984	35820984.000	17954	17954.000
1350	400	35820984	35820984.000	28660	28660.000
1450	500	35820984	35820984.000	18073	18073.000
1000	600	35820984	35820984.000	154988	154988.000
1050	500	35820984	35820984.000	155534	155534.000
2300	1450	35820984	35820984.000	20891	20891.000
2250	1400	35820984	35820984.000	20995	20995.000
1750	750	35820984	35820984.000	20731	20731.000
2050	800	35820984	35820984.000	17782	17782.000
2050	1250	35820984	35820984.000	21540	21540.000
2150	1600	35820984	35820984.000	20198	20198.000
1850	600	35820984	35820984.000	20203	20203.000
1600	800	35820984	35820984.000	19428	19428.000
1250	700	35820984	35820984.000	55779	55779.000
1850	1050	35820984	35820984.000	22776	22776.000
2700	0	35820984	35820984.000	19927	19927.000
1900	1150	35820984	35820984.000	20843	20843.000
2300	800	35820984	35820984.000	21676	21676.000
1550	500	35820984	35820984.000	20117	20117.000
750	450	35820984	35820984.000	151690	151690.000
2200	1300	35820984	35820984.000	18855	18855.000
2000	1050	35820984	35820984.000	20368	20368.000
1500	850	35820984	35820984.000	23140	23140.000
2150	1200	35820984	35820984.000	18681	18681.000
1500	1150	35820984	35820984.000	19245	19245.000
2150	900	35820984	35820984.000	19400	19400.000
1450	550	35820984	35820984.000	23180	23180.000
1350	0	35820984	35820984.000	32165	32165.000
1450	850	35820984	35820984.000	19400	19400.000
1550	0	35820984	35820984.000	19086	19086.000
2000	0	35820984	35820984.000	20326	20326.000
1300	100	35820984	35820984.000	38891	38891.000
950	725	35820984	35820984.000	152966	152966.000
1850	1300	35820984	35820984.000	21352	21352.000
1000	400	35820984	35820984.000	151473	151473.000
1900	1550	35820984	35820984.000	18022	18022.000
2400	1400	35820984	35820984.000	18230	18230.000
2250	400	35820984	35820984.000	21299	21299.000
1600	650	35820984	35820984.000	19916	19916.000
2150	1450	35820984	35820984.000	16959	16959.000
2150	500	35820984	35820984.000	21189	21189.000
2200	1550	35820984	35820984.000	21675	21675.000
2700	900	35820984	35820984.000	19081	19081.000
2450	300	35820984	35820984.000	21119	21119.000
2250	1300	35820984	35820984.000	22013	22013.000
1700	1400	35820984	35820984.000	17949	17949.000
2750	900	35820984	35820984.000	18857	18857.000
2100	200	35820984	35820984.000	22061	22061.000
2600	500	35820984	35820984.000	18610	18610.000
2800	1200	35820984	35820984.000	16402	16402.000
850	300	35820984	35820984.000	161669	161669.000
900	200	35820984	35820984.000	150668	150668.000
2400	100	35820984	35820984.000	21446	21446.000
2100	0	35820984	35820984.000	18370	18370.000
2700	1300	35820984	35820984.000	20784	20784.000
1850	100	35820984	35820984.000	20657	20657.000
1250	450	35820984	35820984.000	54686	54686.000
2450	200	35820984	35820984.000	23016	23016.000
900	550	35820984	35820984.000	156268	156268.000
950	650	35820984	35820984.000	151270	151270.000
2150	1000	35820984	35820984.000	19986	19986.000
1750	1300	35820984	35820984.000	22028	22028.000
2700	1500	35820984	35820984.000	19617	19617.000
1550	400	35820984	35820984.000	18039	18039.000
700	400	35820984	35820984.000	158793	158793.000
2500	900	35820984	35820984.000	20554	20554.000
1050	700	35820984	35820984.000	151643	151643.000
1950	600	35820984	35820984.000	18365	18365.000
1400	600	35820984	35820984.000	22126	22126.000
1900	1450	35820984	35820984.000	21716	21716.000
1000	100	35820984	35820984.000	156277	156277.000
2000	300	35820984	35820984.000	20706	20706.000
2350	1000	35820984	35820984.000	19028	19028.000
1350	750	35820984	35820984.000	31301	31301.000
1450	200	35820984	35820984.000	23322	23322.000
1600	0	35820984	35820984.000	21880	21880.000
2000	900	35820984	35820984.000	20141	20141.000
2200	1500	35820984	35820984.000	23404	23404.000
2650	0	35820984	35820984.000	17947	17947.000
1450	1100	35820984	35820984.000	18367	18367.000
1500	200	35820984	35820984.000	18498	18498.000
700	450	35820984	35820984.000	177398	177398.000
1250	950	35820984	35820984.000	54177	54177.000
2250	500	35820984	35820984.000	19360	19360.000
1500	1275	35820984	35820984.000	21185	21185.000
1500	800	35820984	35820984.000	19187	19187.000
2050	0	35820984	35820984.000	23763	23763.000
1500	1100	35820984	35820984.000	19948	19948.000
2650	1200	35820984	35820984.000	20909	20909.000
1950	1350	35820984	35820984.000	17927	17927.000
2200	1600	35820984	35820984.000	18087	18087.000
1950	1050	35820984	35820984.000	21722	21722.000
1150	800	35820984	35820984.000	100638	100638.000
1800	1100	35820984	35820984.000	18977	18977.000
1350	700	35820984	35820984.000	28638	28638.000
1650	1250	35820984	35820984.000	19422	19422.000
2450	100	35820984	35820984.000	18870	18870.000
1150	925	35820984	35820984.000	102052	102052.000
1100	600	35820984	35820984.000	138149	138149.000
1500	500	35820984	35820984.000	17936	17936.000
2700	1200	35820984	35820984.000	17879	17879.000
1600	1150	35820984	35820984.000	19179	19179.000
1150	550	35820984	35820984.000	97405	97405.000
2450	800	35820984	35820984.000	17905	17905.000
900	350	35820984	35820984.000	148782	148782.000
2500	800	35820984	35820984.000	19528	19528.000
1200	550	35820984	35820984.000	69759	69759.000
2300	1500	35820984	35820984.000	22151	22151.000
2050	700	35820984	35820984.000	18239	18239.000
1250	550	35820984	35820984.000	53265	53265.000
2400	500	35820984	35820984.000	19754	19754.000
1950	1300	35820984	35820984.000	20197	20197.000
2050	1150	35820984	35820984.000	21257	21257.000
1550	300	35820984	35820984.000	23572	23572.000
1600	400	35820984	35820984.000	19439	19439.000
1950	400	35820984	35820984.000	23159	23159.000
1700	1475	35820984	35820984.000	20859	20859.000
1000	700	35820984	35820984.000	153756	153756.000
1350	1100	35820984	35820984.000	30039	30039.000
1800	1200	35820984	35820984.000	19465	19465.000
2500	500	35820984	35820984.000	19729	19729.000
1350	200	35820984	35820984.000	29447	29447.000
1700	200	35820984	35820984.000	21990	21990.000
1650	600	35820984	35820984.000	21217	21217.000
1600	500	35820984	35820984.000	18754	18754.000
1200	450	35820984	35820984.000	71762	71762.000
750	525	35820984	35820984.000	151143	151143.000
2400	1100	35820984	35820984.000	20540	20540.000
1700	1100	35820984	35820984.000	20835	20835.000
1750	200	35820984	35820984.000	21067	21067.000
1950	500	35820984	35820984.000	18699	18699.000
1150	900	35820984	35820984.000	96766	96766.000
2500	300	35820984	35820984.000	20324	20324.000
2000	1400	35820984	35820984.000	22820	22820.000
2750	500	35820984	35820984.000	18494	18494.000
1050	825	35820984	35820984.000	154532	154532.000
1650	800	35820984	35820984.000	22277	22277.000
950	450	35820984	35820984.000	150283	150283.000
800	500	35820984	35820984.000	158500	158500.000
1850	800	35820984	35820984.000	20187	20187.000
1000	200	35820984	35820984.000	157928	157928.000
2500	700	35820984	35820984.000	18656	18656.000
1200	975	35820984	35820984.000	73230	73230.000
2500	1400	35820984	35820984.000	21998	21998.000
750	500	35820984	35820984.000	150636	150636.000
1400	800	35820984	35820984.000	20619	20619.000
2050	100	35820984	35820984.000	22725	22725.000
1450	1225	35820984	35820984.000	19178	19178.000
1400	500	35820984	35820984.000	21493	21493.000
2250	200	35820984	35820984.000	19102	19102.000
2000	600	35820984	35820984.000	21852	21852.000
1950	0	35820984	35820984.000	22385	22385.000
1550	1150	35820984	35820984.000	18865	18865.000
1900	0	35820984	35820984.000	22884	22884.000
1950	1000	35820984	35820984.000	18820	18820.000
1850	1100	35820984	35820984.000	19181	19181.000
2450	400	35820984	35820984.000	17820	17820.000
2800	1400	35820984	35820984.000	17272	17272.000
2600	1000	35820984	35820984.000	21826	21826.000
2750	1300	35820984	35820984.000	21604	21604.000
2150	100	35820984	35820984.000	20022	20022.000
1150	850	35820984	35820984.000	103442	103442.000
2400	1200	35820984	35820984.000	20452	20452.000
2750	300	35820984	35820984.000	19869	19869.000
1350	850	35820984	35820984.000	28524	28524.000
1950	1550	35820984	35820984.000	20652	20652.000
1750	300	35820984	35820984.000	20806	20806.000
2100	500	35820984	35820984.000	21916	21916.000
2800	800	35820984	35820984.000	20428	20428.000
1600	1100	35820984	35820984.000	20708	20708.000
2550	100	35820984	35820984.000	21829	21829.000
1850	1550	35820984	35820984.000	22413	22413.000
1450	0	35820984	35820984.000	19964	19964.000
2600	1300	35820984	35820984.000	18263	18263.000
2450	1600	35820984	35820984.000	21074	21074.000
1750	1525	35820984	35820984.000	21812	21812.000
2500	0	35820984	35820984.000	17552	17552.000
2400	1600	35820984	35820984.000	23255	23255.000
1450	900	35820984	35820984.000	21273	21273.000
1900	1100	35820984	35820984.000	21065	21065.000
1450	1200	35820984	35820984.000	22105	22105.000
1100	300	35820984	35820984.000	136566	136566.000
1350	800	35820984	35820984.000	29964	29964.000
1550	1325	35820984	35820984.000	22903	22903.000
2700	600	35820984	35820984.000	21606	21606.000
2350	300	35820984	35820984.000	20240	20240.000
1900	100	35820984	35820984.000	21183	21183.000
1850	900	35820984	35820984.000	19021	19021.000
2450	1550	35820984	35820984.000	20436	20436.000
2350	1300	35820984	35820984.000	18658	18658.000
1550	1250	35820984	35820984.000	23108	23108.000
1850	300	35820984	35820984.000	20499	20499.000
1300	400	35820984	35820984.000	34810	34810.000
2800	1600	35820984	35820984.000	21454	21454.000
2250	900	35820984	35820984.000	21943	21943.000
1500	400	35820984	35820984.000	18171	18171.000
1800	300	35820984	35820984.000	22719	22719.000
1500	700	35820984	35820984.000	20017	20017.000
2550	800	35820984	35820984.000	24470	24470.000
2550	1550	35820984	35820984.000	18049	18049.000
1550	1050	35820984	35820984.000	20876	20876.000
1750	1000	35820984	35820984.000	19629	19629.000
1650	850	35820984	35820984.000	19577	19577.000
900	450	35820984	35820984.000	156154	156154.000
850	350	35820984	35820984.000	153187	153187.000
1200	300	35820984	35820984.000	70397	70397.000
1600	200	35820984	35820984.000	19850	19850.000
2700	400	35820984	35820984.000	17499	17499.000
1250	850	35820984	35820984.000	50113	50113.000
2550	200	35820984	35820984.000	19414	19414.000
1300	450	35820984	35820984.000	40474	40474.000
1250	900	35820984	35820984.000	51621	51621.000
1650	1200	35820984	35820984.000	21950	21950.000
1500	750	35820984	35820984.000	20788	20788.000
1500	650	35820984	35820984.000	21517	21517.000
2750	1400	35820984	35820984.000	18770	18770.000
1400	1150	35820984	35820984.000	21335	21335.000
2300	1600	35820984	35820984.000	17748	17748.000
2350	700	35820984	35820984.000	20856	20856.000
2650	400	35820984	35820984.000	19623	19623.000
2100	600	35820984	35820984.000	18943	18943.000
1400	550	35820984	35820984.000	22431	22431.000
2100	1000	35820984	35820984.000	18754	18754.000
2500	600	35820984	35820984.000	23670	23670.000
2750	1000	35820984	35820984.000	21322	21322.000
1100	850	35820984	35820984.000	136064	136064.000
1850	1150	35820984	35820984.000	21642	21642.000
2350	500	35820984	35820984.000	19351	19351.000
650	425	35820984	35820984.000	264610	264610.000
1450	1150	35820984	35820984.000	20572	20572.000
1650	400	35820984	35820984.000	20251	20251.000
950	300	35820984	35820984.000	154215	154215.000
2200	400	35820984	35820984.000	19357	19357.000
2400	600	35820984	35820984.000	20513	20513.000
600	100	35820984	35820984.000	422055	422055.000
1750	850	35820984	35820984.000	20710	20710.000
1900	400	35820984	35820984.000	19985	19985.000
1800	1350	35820984	35820984.000	19705	19705.000
2100	300	35820984	35820984.000	18712	18712.000
2800	0	35820984	35820984.000	21263	21263.000
1150	300	35820984	35820984.000	100637	100637.000
1400	1100	35820984	35820984.000	19063	19063.000
1650	900	35820984	35820984.000	20330	20330.000
2750	1500	35820984	35820984.000	23270	23270.000
1200	800	35820984	35820984.000	68489	68489.000
700	475	35820984	35820984.000	167638	167638.000
1950	900	35820984	35820984.000	23575	23575.000
2750	100	35820984	35820984.000	23214	23214.000
1350	1050	35820984	35820984.000	28772	28772.000
1050	300	35820984	35820984.000	163837	163837.000
1750	1150	35820984	35820984.000	20395	20395.000
2750	600	35820984	35820984.000	20324	20324.000
1300	1050	35820984	35820984.000	39148	39148.000
1750	1450	35820984	35820984.000	19532	19532.000
2050	1500	35820984	35820984.000	20010	20010.000
1600	1350	35820984	35820984.000	21856	21856.000
2550	300	35820984	35820984.000	19536	19536.000
1600	1300	35820984	35820984.000	18236	18236.000
2150	0	35820984	35820984.000	20482	20482.000
850	625	35820984	35820984.000	153222	153222.000
1650	1300	35820984	35820984.000	17642	17642.000
2600	800	35820984	35820984.000	17211	17211.000
2200	900	35820984	35820984.000	22538	22538.000
950	700	35820984	35820984.000	147412	147412.000
2800	600	35820984	35820984.000	19717	19717.000
2800	1000	35820984	35820984.000	20860	20860.000
2400	1500	35820984	35820984.000	17590	17590.000
750	400	35820984	35820984.000	148122	148122.000
1200	100	35820984	35820984.000	65212	65212.000
1900	300	35820984	35820984.000	19525	19525.000
1800	1450	35820984	35820984.000	18416	18416.000
1900	500	35820984	35820984.000	17815	17815.000
1700	950	35820984	35820984.000	20933	20933.000
1300	200	35820984	35820984.000	33979	33979.000
2200	600	35820984	35820984.000	21940	21940.000
2000	1550	35820984	35820984.000	18920	18920.000
2300	1350	35820984	35820984.000	19680	19680.000
900	400	35820984	35820984.000	153037	153037.000
800	450	35820984	35820984.000	150742	150742.000
1650	0	35820984	35820984.000	18927	18927.000
1400	0	35820984	35820984.000	21483	21483.000
1000	450	35820984	35820984.000	152159	152159.000
2150	1300	35820984	35820984.000	18738	18738.000
1600	750	35820984	35820984.000	21490	21490.000
1550	1300	35820984	35820984.000	19712	19712.000
1350	650	35820984	35820984.000	31138	31138.000
2750	200	35820984	35820984.000	20067	20067.000
1200	950	35820984	35820984.000	68917	68917.000
2100	1500	35820984	35820984.000	19436	19436.000
1400	450	35820984	35820984.000	21308	21308.000
1900	1000	35820984	35820984.000	20462	20462.000
2050	900	35820984	35820984.000	22430	22430.000
600	350	35820984	35820984.000	442446	442446.000
2050	1350	35820984	35820984.000	19162	19162.000
2550	1300	35820984	35820984.000	20837	20837.000
2500	100	35820984	35820984.000	19647	19647.000
1100	550	35820984	35820984.000	131295	131295.000
1700	1200	35820984	35820984.000	20722	20722.000
2700	200	35820984	35820984.000	21459	21459.000
1850	200	35820984	35820984.000	18710	18710.000
1100	100	35820984	35820984.000	139281	139281.000
1300	550	35820984	35820984.000	40537	40537.000
950	550	35820984	35820984.000	156714	156714.000
1750	1200	35820984	35820984.000	22771	22771.000
2800	1500	35820984	35820984.000	26707	26707.000
2000	1150	35820984	35820984.000	20338	20338.000
2250	1250	35820984	35820984.000	16075	16075.000
1250	400	35820984	35820984.000	52188	52188.000
2200	1000	35820984	35820984.000	17853	17853.000
950	600	35820984	35820984.000	149561	149561.000
750	350	35820984	35820984.000	155354	155354.000
1450	650	35820984	35820984.000	20424	20424.000
1500	950	35820984	35820984.000	19257	19257.000
2250	1500	35820984	35820984.000	22090	22090.000
1250	650	35820984	35820984.000	52208	52208.000
1450	750	35820984	35820984.000	22850	22850.000
1000	775	35820984	35820984.000	152204	152204.000
1450	950	35820984	35820984.000	19078	19078.000
2550	1100	35820984	35820984.000	21017	21017.000
900	650	35820984	35820984.000	151514	151514.000
2550	1000	35820984	35820984.000	19760	19760.000
2600	1100	35820984	35820984.000	20069	20069.000
2500	1600	35820984	35820984.000	24966	24966.000
2250	1200	35820984	35820984.000	23118	23118.000
2000	1300	35820984	35820984.000	20195	20195.000
1650	100	35820984	35820984.000	19433	19433.000
1050	450	35820984	35820984.000	147833	147833.000
2150	1250	35820984	35820984.000	21308	21308.000
2350	800	35820984	35820984.000	19605	19605.000
1550	750	35820984	35820984.000	21463	21463.000
2000	1500	35820984	35820984.000	20712	20712.000
1600	1250	35820984	35820984.000	20089	20089.000
950	500	35820984	35820984.000	150055	150055.000
1300	900	35820984	35820984.000	38974	38974.000
650	400	35820984	35820984.000	259121	259121.000
1900	600	35820984	35820984.000	20754	20754.000
2400	1300	35820984	35820984.000	21879	21879.000
1850	1500	35820984	35820984.000	21586	21586.000
1250	100	35820984	35820984.000	52143	52143.000
850	400	35820984	35820984.000	154876	154876.000
850	550	35820984	35820984.000	152233	152233.000
1300	1000	35820984	35820984.000	39451	39451.000
2100	100	35820984	35820984.000	19197	19197.000
1700	700	35820984	35820984.000	20225	20225.000
2250	100	35820984	35820984.000	22233	22233.000
1750	1350	35820984	35820984.000	22332	22332.000
2500	400	35820984	35820984.000	21921	21921.000
2650	1000	35820984	35820984.000	20692	20692.000
1550	650	35820984	35820984.000	21100	21100.000
1900	1300	35820984	35820984.000	20406	20406.000
600	300	35820984	35820984.000	440130	440130.000
1200	750	35820984	35820984.000	72176	72176.000
1700	400	35820984	35820984.000	24316	24316.000
2750	0	35820984	35820984.000	20755	20755.000
1000	750	35820984	35820984.000	153519	153519.000
1400	200	35820984	35820984.000	20957	20957.000
2100	1400	35820984	35820984.000	21465	21465.000
2350	900	35820984	35820984.000	21576	21576.000
1450	300	35820984	35820984.000	20885	20885.000
1450	600	35820984	35820984.000	22123	22123.000
2400	400	35820984	35820984.000	20304	20304.000
2650	100	35820984	35820984.000	19450	19450.000
1500	0	35820984	35820984.000	18248	18248.000
800	350	35820984	35820984.000	154763	154763.000
1500	300	35820984	35820984.000	19347	19347.000
1900	200	35820984	35820984.000	21639	21639.000
2250	700	35820984	35820984.000	19345	19345.000
2050	200	35820984	35820984.000	18580	18580.000
1700	0	35820984	35820984.000	22415	22415.000
1500	900	35820984	35820984.000	22061	22061.000
1750	600	35820984	35820984.000	19954	19954.000
2650	300	35820984	35820984.000	19326	19326.000
950	400	35820984	35820984.000	160917	160917.000
2100	1450	35820984	35820984.000	20231	20231.000
1800	1000	35820984	35820984.000	19454	19454.000
2700	800	35820984	35820984.000	20061	20061.000
2150	1550	35820984	35820984.000	17827	17827.000
2600	400	35820984	35820984.000	23274	23274.000
1800	100	35820984	35820984.000	21393	21393.000
2800	1100	35820984	35820984.000	20942	20942.000
1700	1300	35820984	35820984.000	22256	22256.000
2450	1100	35820984	35820984.000	17756	17756.000
1900	900	35820984	35820984.000	18355	18355.000
2500	1000	35820984	35820984.000	22684	22684.000
2400	300	35820984	35820984.000	20878	20878.000
1000	0	35820984	35820984.000	153222	153222.000
1750	400	35820984	35820984.000	24430	24430.000
2100	1550	35820984	35820984.000	23576	23576.000
1950	1500	35820984	35820984.000	21852	21852.000
1200	0	35820984	35820984.000	71862	71862.000
2450	1300	35820984	35820984.000	16625	16625.000
1050	650	35820984	35820984.000	156323	156323.000
2250	0	35820984	35820984.000	20273	20273.000
2600	200	35820984	35820984.000	22941	22941.000
1200	600	35820984	35820984.000	73923	73923.000
2150	1150	35820984	35820984.000	20010	20010.000
2150	1400	35820984	35820984.000	19957	19957.000
2300	600	35820984	35820984.000	20840	20840.000
2700	300	35820984	35820984.000	20682	20682.000
2650	500	35820984	35820984.000	19367	19367.000
2650	600	35820984	35820984.000	20340	20340.000
2350	100	35820984	35820984.000	19754	19754.000
2800	1300	35820984	35820984.000	22840	22840.000
1700	1050	35820984	35820984.000	22157	22157.000
2700	500	35820984	35820984.000	20008	20008.000
1750	700	35820984	35820984.000	19643	19643.000
2700	700	35820984	35820984.000	21199	21199.000
1650	300	35820984	35820984.000	23486	23486.000
1900	800	35820984	35820984.000	21092	21092.000
1700	100	35820984	35820984.000	18311	18311.000
1550	550	35820984	35820984.000	20840	20840.000
800	550	35820984	35820984.000	159229	159229.000
800	400	35820984	35820984.000	152180	152180.000
1800	850	35820984	35820984.000	21079	21079.000
800	100	35820984	35820984.000	160059	160059.000
1850	400	35820984	35820984.000	24504	24504.000
1600	1000	35820984	35820984.000	18674	18674.000
1600	700	35820984	35820984.000	22821	22821.000
1950	1100	35820984	35820984.000	20987	20987.000
1400	1000	35820984	35820984.000	21258	21258.000
1550	1200	35820984	35820984.000	19015	19015.000
1800	1550	35820984	35820984.000	19631	19631.000
2550	1500	35820984	35820984.000	21769	21769.000
1400	400	35820984	35820984.000	20977	20977.000
1950	1250	35820984	35820984.000	22579	22579.000
1950	200	35820984	35820984.000	22086	22086.000
2300	1000	35820984	35820984.000	21921	21921.000
2300	900	35820984	35820984.000	20549	20549.000
2050	1100	35820984	35820984.000	20386	20386.000
2250	1600	35820984	35820984.000	19350	19350.000
2050	1550	35820984	35820984.000	19801	19801.000
2250	1350	35820984	35820984.000	22036	22036.000
2350	200	35820984	35820984.000	21138	21138.000
1700	800	35820984	35820984.000	20124	20124.000
1750	1400	35820984	35820984.000	22275	22275.000
2800	700	35820984	35820984.000	19460	19460.000
2650	800	35820984	35820984.000	21416	21416.000
2600	300	35820984	35820984.000	19234	19234.000
2550	1200	35820984	35820984.000	19394	19394.000
2000	1600	35820984	35820984.000	21078	21078.000
1700	1000	35820984	35820984.000	21178	21178.000
1250	800	35820984	35820984.000	53906	53906.000
2200	1250	35820984	35820984.000	20008	20008.000
1200	500	35820984	35820984.000	67744	67744.000
1900	700	35820984	35820984.000	21056	21056.000
1700	1150	35820984	35820984.000	21325	21325.000
1550	950	35820984	35820984.000	21435	21435.000
1300	500	35820984	35820984.000	36294	36294.000
1450	100	35820984	35820984.000	21028	21028.000
1750	500	35820984	35820984.000	19888	19888.000
1450	400	35820984	35820984.000	20885	20885.000
2450	500	35820984	35820984.000	22651	22651.000
1850	1250	35820984	35820984.000	17935	17935.000
2500	1500	35820984	35820984.000	18917	18917.000
2350	0	35820984	35820984.000	20367	20367.000
2250	800	35820984	35820984.000	20933	20933.000
700	200	35820984	35820984.000	168618	168618.000
2550	1400	35820984	35820984.000	15565	15565.000
2000	1200	35820984	35820984.000	21534	21534.000
2500	1300	35820984	35820984.000	17781	17781.000
2600	700	35820984	35820984.000	19566	19566.000
1000	300	35820984	35820984.000	148473	148473.000
2100	1250	35820984	35820984.000	20902	20902.000
1650	750	35820984	35820984.000	20547	20547.000
1550	1100	35820984	35820984.000	19804	19804.000
1600	1200	35820984	35820984.000	22047	22047.000
2200	1100	35820984	35820984.000	20495	20495.000
1750	1500	35820984	35820984.000	20183	20183.000
2050	1050	35820984	35820984.000	22512	22512.000
2150	1350	35820984	35820984.000	19414	19414.000
2350	1600	35820984	35820984.000	19859	19859.000
1050	600	35820984	35820984.000	154808	154808.000
1750	1250	35820984	35820984.000	19554	19554.000
1200	650	35820984	35820984.000	65415	65415.000
850	450	35820984	35820984.000	154357	154357.000
850	600	35820984	35820984.000	148114	148114.000
1250	350	35820984	35820984.000	48388	48388.000
650	300	35820984	35820984.000	255093	255093.000
1700	300	35820984	35820984.000	21865	21865.000
1650	700	35820984	35820984.000	20186	20186.000
2550	700	35820984	35820984.000	21442	21442.000
1150	600	35820984	35820984.000	101775	101775.000
700	300	35820984	35820984.000	159902	159902.000
1500	550	35820984	35820984.000	20275	20275.000
1100	0	35820984	35820984.000	140066	140066.000
2350	1100	35820984	35820984.000	20138	20138.000
1700	1350	35820984	35820984.000	20277	20277.000
1550	850	35820984	35820984.000	19331	19331.000
1400	1050	35820984	35820984.000	21961	21961.000
1950	950	35820984	35820984.000	19101	19101.000
1400	750	35820984	35820984.000	22226	22226.000
2100	700	35820984	35820984.000	20926	20926.000
1100	350	35820984	35820984.000	138755	138755.000
2150	1100	35820984	35820984.000	19105	19105.000
1850	1350	35820984	35820984.000	21905	21905.000
2550	1600	35820984	35820984.000	21835	21835.000
1800	900	35820984	35820984.000	21205	21205.000
2600	600	35820984	35820984.000	21206	21206.000
700	350	35820984	35820984.000	161755	161755.000
1150	750	35820984	35820984.000	101655	101655.000
2300	400	35820984	35820984.000	20889	20889.000
1800	0	35820984	35820984.000	17337	17337.000
1250	500	35820984	35820984.000	50672	50672.000
800	300	35820984	35820984.000	154210	154210.000
2450	1200	35820984	35820984.000	19730	19730.000
2100	1100	35820984	35820984.000	20504	20504.000
1700	1250	35820984	35820984.000	20754	20754.000
1000	500	35820984	35820984.000	154918	154918.000
1050	750	35820984	35820984.000	158110	158110.000
1800	1250	35820984	35820984.000	19997	19997.000
1900	1400	35820984	35820984.000	21917	21917.000
2800	900	35820984	35820984.000	24441	24441.000
2650	700	35820984	35820984.000	22091	22091.000
2150	800	35820984	35820984.000	19506	19506.000
2150	400	35820984	35820984.000	21477	21477.000
1150	700	35820984	35820984.000	108119	108119.000
1800	950	35820984	35820984.000	22043	22043.000
2300	1200	35820984	35820984.000	19400	19400.000
2650	900	35820984	35820984.000	19408	19408.000
2700	100	35820984	35820984.000	21169	21169.000
2150	600	35820984	35820984.000	22071	22071.000
2600	900	35820984	35820984.000	21128	21128.000
2050	400	35820984	35820984.000	22181	22181.000
2800	200	35820984	35820984.000	22604	22604.000
2000	1450	35820984	35820984.000	21128	21128.000
2200	0	35820984	35820984.000	18928	18928.000
2050	1000	35820984	35820984.000	22344	22344.000
1750	1050	35820984	35820984.000	18335	18335.000
2350	400	35820984	35820984.000	19062	19062.000
2050	1300	35820984	35820984.000	24126	24126.000
1350	350	35820984	35820984.000	29637	29637.000
1300	650	35820984	35820984.000	35822	35822.000
2200	300	35820984	35820984.000	21114	21114.000
1100	400	35820984	35820984.000	132998	132998.000
2650	1500	35820984	35820984.000	19668	19668.000
1650	1000	35820984	35820984.000	19280	19280.000
1800	1050	35820984	35820984.000	20063	20063.000
2650	1300	35820984	35820984.000	20362	20362.000
1800	400	35820984	35820984.000	19963	19963.000
750	300	35820984	35820984.000	153867	153867.000
2800	300	35820984	35820984.000	16368	16368.000
900	300	35820984	35820984.000	157713	157713.000
1350	300	35820984	35820984.000	29260	29260.000
2200	800	35820984	35820984.000	19060	19060.000
1650	950	35820984	35820984.000	23129	23129.000
2400	900	35820984	35820984.000	20710	20710.000
2150	700	35820984	35820984.000	19307	19307.000
1000	650	35820984	35820984.000	155798	155798.000
1800	500	35820984	35820984.000	18295	18295.000
2300	700	35820984	35820984.000	23561	23561.000
2000	400	35820984	35820984.000	18666	18666.000
2450	1500	35820984	35820984.000	20178	20178.000
1400	1175	35820984	35820984.000	22597	22597.000
700	0	35820984	35820984.000	168783	168783.000
1400	950	35820984	35820984.000	22164	22164.000
2050	500	35820984	35820984.000	21572	21572.000
1750	0	35820984	35820984.000	20353	20353.000
1350	1000	35820984	35820984.000	28642	28642.000
1550	700	35820984	35820984.000	20323	20323.000
1200	400	35820984	35820984.000	68408	68408.000
2300	1400	35820984	35820984.000	21118	21118.000
2400	1000	35820984	35820984.000	20153	20153.000
1850	1600	35820984	35820984.000	21433	21433.000
1750	950	35820984	35820984.000	18093	18093.000
2050	1450	35820984	35820984.000	22339	22339.000
1850	1000	35820984	35820984.000	18399	18399.000
2000	800	35820984	35820984.000	20544	20544.000
2300	1550	35820984	35820984.000	24289	24289.000
800	575	35820984	35820984.000	150848	150848.000
1850	1450	35820984	35820984.000	19170	19170.000
2800	500	35820984	35820984.000	17364	17364.000
2450	1450	35820984	35820984.000	21283	21283.000
1100	500	35820984	35820984.000	135241	135241.000
2250	1450	35820984	35820984.000	21753	21753.000
2200	1200	35820984	35820984.000	17641	17641.000
1700	750	35820984	35820984.000	23069	23069.000
1250	0	35820984	35820984.000	57652	57652.000
1250	600	35820984	35820984.000	51147	51147.000
1500	1050	35820984	35820984.000	20133	20133.000
1450	450	35820984	35820984.000	20630	20630.000
2650	1400	35820984	35820984.000	20273	20273.000
2400	200	35820984	35820984.000	22439	22439.000
2550	600	35820984	35820984.000	23573	23573.000
2450	1400	35820984	35820984.000	18327	18327.000
1350	550	35820984	35820984.000	32520	32520.000
2000	1250	35820984	35820984.000	22049	22049.000
2300	0	35820984	35820984.000	21518	21518.000
1300	1075	35820984	35820984.000	42547	42547.000
1550	100	35820984	35820984.000	21129	21129.000
1000	550	35820984	35820984.000	155630	155630.000
2750	800	35820984	35820984.000	20672	20672.000
1800	600	35820984	35820984.000	21833	21833.000
1700	1450	35820984	35820984.000	19971	19971.000
1900	1600	35820984	35820984.000	21114	21114.000
2200	1350	35820984	35820984.000	20225	20225.000
1800	1500	35820984	35820984.000	18974	18974.000
2450	900	35820984	35820984.000	20638	20638.000
1550	600	35820984	35820984.000	19480	19480.000
1050	350	35820984	35820984.000	152614	152614.000
2150	300	35820984	35820984.000	20688	20688.000
1250	750	35820984	35820984.000	53785	53785.000
850	500	35820984	35820984.000	149222	149222.000
2100	800	35820984	35820984.000	18468	18468.000
600	0	35820984	35820984.000	433535	433535.000
2400	700	35820984	35820984.000	21448	21448.000
1850	500	35820984	35820984.000	20292	20292.000
1800	1150	35820984	35820984.000	17059	17059.000
1050	800	35820984	35820984.000	150007	150007.000
1850	950	35820984	35820984.000	22195	22195.000
2350	1350	35820984	35820984.000	19434	19434.000
2300	1300	35820984	35820984.000	21009	21009.000
1750	800	35820984	35820984.000	23894	23894.000
2300	100	35820984	35820984.000	22097	22097.000
2700	1600	35820984	35820984.000	19889	19889.000
1400	700	35820984	35820984.000	21551	21551.000
1200	200	35820984	35820984.000	74994	74994.000
1600	850	35820984	35820984.000	21835	21835.000
1400	100	35820984	35820984.000	21091	21091.000
1350	500	35820984	35820984.000	28273	28273.000
800	0	35820984	35820984.000	149677	149677.000
2000	500	35820984	35820984.000	19155	19155.000
2350	600	35820984	35820984.000	17189	17189.000
1900	1500	35820984	35820984.000	19179	19179.000
2750	1200	35820984	35820984.000	16150	16150.000
1450	700	35820984	35820984.000	22187	22187.000
1950	1600	35820984	35820984.000	21024	21024.000
1450	1000	35820984	35820984.000	19794	19794.000
1500	100	35820984	35820984.000	19552	19552.000
1300	950	35820984	35820984.000	38771	38771.000
1750	1100	35820984	35820984.000	20656	20656.000
1250	1025	35820984	35820984.000	50851	50851.000
1500	1000	35820984	35820984.000	20839	20839.000
2750	400	35820984	35820984.000	21118	21118.000
1600	1375	35820984	35820984.000	18010	18010.000
1100	650	35820984	35820984.000	129522	129522.000
1650	650	35820984	35820984.000	20651	20651.000
2600	1500	35820984	35820984.000	19856	19856.000
1100	200	35820984	35820984.000	136555	136555.000
1350	900	35820984	35820984.000	28612	28612.000
2350	1450	35820984	35820984.000	21321	21321.000
2750	1600	35820984	35820984.000	19827	19827.000
2250	1000	35820984	35820984.000	21230	21230.000
2450	600	35820984	35820984.000	18493	18493.000
1950	1150	35820984	35820984.000	19781	19781.000
2700	1400	35820984	35820984.000	17763	17763.000
1750	900	35820984	35820984.000	21921	21921.000
2300	500	35820984	35820984.000	19665	19665.000
2050	600	35820984	35820984.000	21505	21505.000
1400	900	35820984	35820984.000	26015	26015.000
1400	850	35820984	35820984.000	22075	22075.000
1350	100	35820984	35820984.000	29121	29121.000
1750	100	35820984	35820984.000	20031	20031.000
1200	350	35820984	35820984.000	73084	73084.000
1300	0	35820984	35820984.000	39621	39621.000
1950	300	35820984	35820984.000	20074	20074.000
1950	1200	35820984	35820984.000	20900	20900.000
1800	700	35820984	35820984.000	18857	18857.000
1650	200	35820984	35820984.000	22470	22470.000
900	0	35820984	35820984.000	159975	159975.000
2600	100	35820984	35820984.000	23397	23397.000
900	100	35820984	35820984.000	154409	154409.000
1650	1100	35820984	35820984.000	19345	19345.000
2550	0	35820984	35820984.000	19617	19617.000
1250	1000	35820984	35820984.000	48989	48989.000
2000	1000	35820984	35820984.000	19660	19660.000
2200	1400	35820984	35820984.000	17744	17744.000
2350	1500	35820984	35820984.000	23668	23668.000
2350	1550	35820984	35820984.000	20498	20498.000
1850	1200	35820984	35820984.000	18051	18051.000
1700	500	35820984	35820984.000	20079	20079.000
1100	700	35820984	35820984.000	139274	139274.000
2300	200	35820984	35820984.000	20040	20040.000
2350	1200	35820984	35820984.000	22647	22647.000
2600	1600	35820984	35820984.000	21685	21685.000
650	350	35820984	35820984.000	263913	263913.000
1100	750	35820984	35820984.000	141339	141339.000
2200	200	35820984	35820984.000	20536	20536.000
2250	600	35820984	35820984.000	19747	19747.000
2400	1450	35820984	35820984.000	21535	21535.000
1850	0	35820984	35820984.000	19611	19611.000
2000	100	35820984	35820984.000	20904	20904.000
1650	1050	35820984	35820984.000	21060	21060.000
1900	950	35820984	35820984.000	24309	24309.000
1000	350	35820984	35820984.000	157928	157928.000
2200	500	35820984	35820984.000	20702	20702.000
2050	300	35820984	35820984.000	21591	21591.000
1800	1575	35820984	35820984.000	20051	20051.000
1400	300	35820984	35820984.000	23982	23982.000
