#mGo	mLSP\ISRweight\ISRweight_up\ISRweight_down
1800	200	1.203217	1.092031	1.339612
600	200	1.165970	1.076431	1.271757
1950	800	1.179277	1.082064	1.295682
1850	1400	1.153581	1.071131	1.249782
2500	1200	1.171538	1.078793	1.281729
1150	450	1.181880	1.083156	1.300405
2250	300	1.196857	1.089406	1.327822
2250	1100	1.171733	1.078876	1.282079
1300	700	1.174217	1.079930	1.286543
1250	300	1.190736	1.086860	1.316567
600	375	1.177625	1.081370	1.292690
1600	100	1.202806	1.091853	1.338859
1050	400	1.180817	1.082710	1.298475
2000	700	1.182037	1.083220	1.300692
1200	850	1.162000	1.074742	1.264677
2100	400	1.193938	1.088196	1.322444
2550	500	1.191660	1.087245	1.318259
2400	0	1.202010	1.091538	1.337361
2050	1600	1.149674	1.069442	1.242921
2100	1300	1.165989	1.076437	1.271794
2200	1450	1.160587	1.074128	1.262183
1950	1450	1.153337	1.071022	1.249357
1150	400	1.184427	1.084223	1.305038
1450	800	1.174707	1.080136	1.287428
2000	1100	1.169016	1.077728	1.277201
1300	750	1.172524	1.079215	1.283496
1350	1125	1.172886	1.079372	1.284142
1850	850	1.177652	1.081376	1.292747
1800	1300	1.157222	1.072695	1.256211
2400	800	1.182023	1.083217	1.300663
1100	800	1.170732	1.078460	1.280271
1900	1050	1.171775	1.078896	1.282153
2700	1100	1.176265	1.080789	1.290244
1850	700	1.183871	1.083987	1.304030
2700	1000	1.178817	1.081867	1.294854
1300	800	1.169139	1.077781	1.277421
2600	1400	1.168796	1.077630	1.276811
2100	1350	1.164752	1.075908	1.269589
900	675	1.181785	1.083123	1.300223
1650	1150	1.163877	1.075542	1.268019
2550	400	1.194168	1.088291	1.322866
1950	1400	1.157003	1.072596	1.255830
1500	600	1.183698	1.083918	1.303711
1600	950	1.171980	1.078984	1.282517
2300	1100	1.173993	1.079834	1.286141
1500	1200	1.161307	1.074448	1.263445
1700	850	1.174540	1.080069	1.287121
950	350	1.180947	1.082765	1.298710
2000	200	1.202078	1.091558	1.337499
2800	100	1.204177	1.092422	1.341403
2100	1150	1.169567	1.077961	1.278187
1650	1350	1.159529	1.073686	1.260290
1100	875	1.179088	1.081991	1.295330
900	600	1.172114	1.079045	1.282753
1300	850	1.167275	1.076988	1.274085
1050	550	1.174336	1.079980	1.286758
1350	600	1.180384	1.082527	1.297692
2000	1350	1.159125	1.073507	1.259584
700	100	1.180863	1.082729	1.298560
1550	900	1.171448	1.078756	1.281567
1150	350	1.186749	1.085197	1.309270
2500	1550	1.162931	1.075128	1.266350
2350	1400	1.169195	1.077797	1.277530
2100	1600	1.149560	1.069392	1.242722
1500	1250	1.165400	1.076193	1.270732
2500	1100	1.173175	1.079485	1.284673
1400	650	1.180459	1.082559	1.297826
1100	450	1.179755	1.082265	1.296547
2300	300	1.198179	1.089949	1.330272
2600	1200	1.174298	1.079961	1.286694
2750	700	1.185413	1.084637	1.306834
2150	1500	1.157211	1.072684	1.256199
1800	800	1.179032	1.081960	1.295238
1550	1000	1.164993	1.076017	1.270011
2550	900	1.177716	1.081404	1.292861
1150	650	1.172211	1.079080	1.282935
2450	700	1.182830	1.083553	1.302132
1450	1050	1.158887	1.073409	1.259158
1950	100	1.203074	1.091969	1.339350
800	200	1.181188	1.082864	1.299152
1550	200	1.200093	1.090744	1.333811
1300	300	1.194191	1.088294	1.322919
2650	1600	1.163935	1.075557	1.268137
1700	900	1.177138	1.081161	1.291815
1900	1350	1.158778	1.073358	1.258968
1200	700	1.170534	1.078372	1.279922
2600	0	1.204316	1.092480	1.341662
1350	950	1.162142	1.074800	1.264934
2050	1200	1.170928	1.078536	1.280631
2100	900	1.177740	1.081416	1.292902
1600	1050	1.166098	1.076487	1.271983
2750	1100	1.176745	1.080993	1.291108
2650	1100	1.176156	1.080745	1.290045
1200	900	1.168057	1.077324	1.275479
2400	1550	1.159637	1.073726	1.260490
2200	700	1.184667	1.084325	1.305474
1300	350	1.188089	1.085755	1.311721
1600	300	1.196017	1.089056	1.326277
1550	800	1.176406	1.080850	1.290497
1600	900	1.175282	1.080382	1.288460
2050	1400	1.160122	1.073935	1.261351
2100	1200	1.170615	1.078403	1.280071
1650	500	1.187577	1.085543	1.310783
900	500	1.169163	1.077791	1.277463
2450	0	1.200021	1.090711	1.333681
1600	600	1.185147	1.084522	1.306356
2150	200	1.199695	1.090577	1.333076
1650	1400	1.164135	1.075653	1.268478
1900	1200	1.165586	1.076267	1.271071
1950	700	1.183651	1.083898	1.303626
1350	450	1.186721	1.085186	1.309217
1800	1400	1.150774	1.069921	1.244845
1700	600	1.183479	1.083830	1.303308
2800	400	1.197302	1.089584	1.328657
1900	1250	1.163146	1.075225	1.266726
1300	600	1.179124	1.081999	1.295407
1250	200	1.196691	1.089332	1.327526
2500	200	1.201498	1.091325	1.336415
1650	1425	1.166265	1.076565	1.272272
2200	100	1.203615	1.092197	1.340348
2650	200	1.202029	1.091541	1.337403
2250	1550	1.159005	1.073457	1.259370
1150	500	1.180052	1.082388	1.297088
2450	1000	1.179562	1.082176	1.296209
1350	400	1.189788	1.086470	1.314822
1450	500	1.187258	1.085404	1.310208
1000	600	1.167835	1.077227	1.275085
1050	500	1.175990	1.080679	1.289738
2300	1450	1.161562	1.074547	1.263912
2250	1400	1.163500	1.075376	1.267357
1750	750	1.179846	1.082301	1.296715
2050	800	1.180025	1.082377	1.297039
2050	1250	1.166281	1.076561	1.272315
2150	1600	1.150602	1.069837	1.244556
1850	600	1.183632	1.083892	1.303588
1600	800	1.176603	1.080930	1.290857
1250	700	1.174227	1.079936	1.286560
1850	1050	1.168573	1.077536	1.276413
2700	0	1.202952	1.091920	1.339122
1900	1150	1.168488	1.077501	1.276259
2300	800	1.182083	1.083240	1.300775
1550	500	1.187843	1.085658	1.311263
750	450	1.173087	1.079455	1.284506
2200	1300	1.164926	1.075981	1.269902
2000	1050	1.171562	1.078799	1.281778
1500	850	1.172682	1.079279	1.283783
2150	1200	1.168596	1.077546	1.276452
1500	1150	1.156079	1.072208	1.254184
2150	900	1.178189	1.081604	1.293715
1450	550	1.182747	1.083522	1.301977
1350	0	1.204544	1.092573	1.342087
1450	850	1.170868	1.078515	1.280519
1550	0	1.207024	1.093592	1.346711
2000	0	1.202918	1.091907	1.339056
1300	100	1.200828	1.091044	1.335177
950	725	1.182154	1.083278	1.300893
1850	1300	1.155698	1.072035	1.253526
1000	400	1.179580	1.082189	1.296234
1900	1550	1.145703	1.067725	1.235968
2400	1400	1.167283	1.076981	1.274115
2250	400	1.191917	1.087351	1.318733
1600	650	1.182042	1.083223	1.300700
2150	1450	1.161620	1.074575	1.264009
2150	500	1.188509	1.085926	1.312495
2200	1550	1.155914	1.072133	1.253898
2700	900	1.180312	1.082498	1.297558
2450	300	1.197668	1.089737	1.329328
2250	1300	1.168169	1.077368	1.275685
1700	1400	1.158774	1.073367	1.258948
2750	900	1.179715	1.082244	1.296482
2100	200	1.200641	1.090969	1.334827
2600	500	1.192185	1.087464	1.319224
2800	1200	1.174788	1.080169	1.287575
850	300	1.179147	1.082010	1.295446
900	200	1.186041	1.084900	1.307978
2400	100	1.201268	1.091227	1.335992
2100	0	1.203522	1.092157	1.340177
2700	1300	1.173315	1.079542	1.284929
1850	100	1.204426	1.092528	1.341862
1250	450	1.185179	1.084541	1.306403
2450	200	1.199869	1.090649	1.333398
900	550	1.165768	1.076347	1.271393
950	650	1.173174	1.079494	1.284658
2150	1000	1.175986	1.080676	1.289733
1750	1300	1.154124	1.071362	1.250743
2700	1500	1.164978	1.076004	1.269993
1550	400	1.191905	1.087349	1.318709
700	400	1.171559	1.078808	1.281759
2500	900	1.178484	1.081730	1.294246
1050	700	1.163879	1.075545	1.268022
1950	600	1.184092	1.084080	1.304433
1400	600	1.179166	1.082019	1.295478
1900	1450	1.151549	1.070253	1.246212
1000	100	1.195101	1.088671	1.324595
2000	300	1.196539	1.089270	1.327242
2350	1000	1.173236	1.079512	1.284781
1350	750	1.175462	1.080458	1.288786
1450	200	1.198894	1.090245	1.331595
1600	0	1.204249	1.092455	1.341532
2000	900	1.177484	1.081305	1.292442
2200	1500	1.157165	1.072665	1.256117
2650	0	1.201668	1.091391	1.336736
1450	1100	1.159168	1.073528	1.259656
1500	200	1.200721	1.090997	1.334984
700	450	1.176434	1.080870	1.290537
1250	950	1.166564	1.076692	1.272805
2250	500	1.188247	1.085822	1.312010
1500	1275	1.168702	1.077605	1.276624
1500	800	1.175323	1.080396	1.288537
2050	0	1.205579	1.092995	1.344020
1500	1100	1.159964	1.073870	1.261065
2650	1200	1.173665	1.079694	1.285552
1950	1350	1.159158	1.073520	1.259643
2200	1600	1.153965	1.071288	1.250469
1950	1050	1.171981	1.078979	1.282526
1150	800	1.162012	1.074748	1.264700
1800	1100	1.167296	1.076992	1.274130
1350	700	1.178856	1.081888	1.294917
1650	1250	1.155056	1.071769	1.252378
2450	100	1.202573	1.091765	1.338415
1150	925	1.178030	1.081545	1.293415
1100	600	1.171669	1.078853	1.281958
1500	500	1.187743	1.085612	1.311086
2700	1200	1.173959	1.079814	1.286088
1600	1150	1.159713	1.073760	1.260624
1150	550	1.177872	1.081471	1.293140
2450	800	1.181234	1.082884	1.299235
900	350	1.178193	1.081608	1.293720
2500	800	1.181207	1.082875	1.299180
1200	550	1.180047	1.082387	1.297079
2300	1500	1.158024	1.073031	1.257639
2050	700	1.182745	1.083518	1.301979
1250	550	1.179498	1.082159	1.296079
2400	500	1.190110	1.086597	1.315422
1950	1300	1.163889	1.075546	1.268042
2050	1150	1.172912	1.079377	1.284196
1550	300	1.197143	1.089517	1.328362
1600	400	1.188405	1.085895	1.312287
1950	400	1.192565	1.087623	1.319923
1700	1475	1.166359	1.076605	1.272438
1000	700	1.171184	1.078651	1.281083
1350	1100	1.170765	1.078472	1.280334
1800	1200	1.164085	1.075628	1.268394
2500	500	1.191166	1.087037	1.317359
1350	200	1.199626	1.090547	1.332949
1700	200	1.201224	1.091206	1.335914
1650	600	1.183804	1.083962	1.303904
1600	500	1.186957	1.085280	1.309655
1200	450	1.182517	1.083422	1.301565
750	525	1.181555	1.083024	1.299808
2400	1100	1.175803	1.080595	1.289411
1700	1100	1.167022	1.076876	1.273638
1750	200	1.199538	1.090508	1.332791
1950	500	1.188661	1.085991	1.312770
1150	900	1.174467	1.080042	1.286986
2500	300	1.200211	1.090788	1.334036
2000	1400	1.159908	1.073844	1.260970
2750	500	1.189867	1.086501	1.314969
1050	825	1.180163	1.082441	1.297280
1650	800	1.178897	1.081900	1.294998
950	450	1.174838	1.080194	1.287661
800	500	1.172256	1.079103	1.283012
1850	800	1.178615	1.081787	1.294481
1000	200	1.188762	1.086034	1.312953
2500	700	1.183098	1.083665	1.302621
1200	975	1.176807	1.081030	1.291206
2500	1400	1.166954	1.076848	1.273517
750	500	1.177537	1.081335	1.292527
1400	800	1.172580	1.079234	1.283603
2050	100	1.201509	1.091323	1.336445
1450	1225	1.173823	1.079769	1.285825
1400	500	1.188268	1.085831	1.312047
2250	200	1.200628	1.090963	1.334806
2000	600	1.184923	1.084434	1.305938
1950	0	1.204215	1.092436	1.341477
1550	1150	1.158145	1.073091	1.257842
1900	0	1.201639	1.091380	1.336679
1950	1000	1.172031	1.079004	1.282612
1850	1100	1.167774	1.077194	1.274986
2450	400	1.197693	1.089745	1.329379
2800	1400	1.169203	1.077798	1.277549
2600	1000	1.177985	1.081514	1.293351
2750	1300	1.171908	1.078949	1.282396
2150	100	1.203009	1.091943	1.339226
1150	850	1.169030	1.077737	1.277221
2400	1200	1.171731	1.078874	1.282078
2750	300	1.197265	1.089566	1.328590
1350	850	1.167668	1.077151	1.274794
1950	1550	1.145628	1.067693	1.235837
1750	300	1.196421	1.089224	1.327021
2100	500	1.188711	1.086017	1.312854
2800	800	1.183181	1.083701	1.302771
1600	1100	1.162348	1.074890	1.265297
2550	100	1.202624	1.091784	1.338511
1850	1550	1.150950	1.069998	1.245153
1450	0	1.205889	1.093128	1.344589
2600	1300	1.172663	1.079269	1.283750
2450	1600	1.160031	1.073892	1.261193
1750	1525	1.164651	1.075877	1.269393
2500	0	1.200488	1.090904	1.334547
2400	1600	1.160548	1.074112	1.262113
1450	900	1.167726	1.077175	1.274898
1900	1100	1.171146	1.078622	1.281032
1450	1200	1.169839	1.078083	1.278669
1100	300	1.187303	1.085425	1.310285
1350	800	1.172028	1.079007	1.282601
1550	1325	1.170085	1.078188	1.279107
2700	600	1.190093	1.086589	1.315393
2350	300	1.198895	1.090246	1.331596
1900	100	1.201005	1.091117	1.335506
1850	900	1.174835	1.080189	1.287660
2450	1550	1.162550	1.074972	1.265665
2350	1300	1.169691	1.078005	1.278422
1550	1250	1.161363	1.074473	1.263544
1850	300	1.200036	1.090724	1.333700
1300	400	1.187918	1.085681	1.311410
2800	1600	1.166332	1.076577	1.272414
2250	900	1.175664	1.080532	1.289165
1500	400	1.191581	1.087215	1.318113
1800	300	1.198219	1.089973	1.330336
1500	700	1.179444	1.082137	1.295981
2550	800	1.179775	1.082276	1.296581
2550	1550	1.164701	1.075888	1.269496
1550	1050	1.163523	1.075390	1.267392
1750	1000	1.170238	1.078243	1.279395
1650	850	1.178155	1.081589	1.293656
900	450	1.172586	1.079241	1.283606
850	350	1.175745	1.080574	1.289298
1200	300	1.189591	1.086382	1.314467
1600	200	1.199883	1.090655	1.333424
2700	400	1.196896	1.089414	1.327908
1250	850	1.164086	1.075631	1.268392
2550	200	1.202106	1.091573	1.337546
1300	450	1.185554	1.084696	1.307091
1250	900	1.161176	1.074389	1.263215
1650	1200	1.156857	1.072536	1.255568
1500	750	1.177867	1.081472	1.293129
1500	650	1.180932	1.082756	1.298685
2750	1400	1.171385	1.078729	1.281453
1400	1150	1.169822	1.078077	1.278635
2300	1600	1.155760	1.072060	1.253636
2350	700	1.183270	1.083738	1.302933
2650	400	1.197047	1.089482	1.328178
2100	600	1.187042	1.085314	1.309812
1400	550	1.184390	1.084210	1.304967
2100	1000	1.175839	1.080610	1.289473
2500	600	1.187140	1.085363	1.309981
2750	1000	1.178743	1.081836	1.294719
1100	850	1.173745	1.079737	1.285684
1850	1150	1.167335	1.077010	1.274197
2350	500	1.188324	1.085857	1.312145
650	425	1.178780	1.081858	1.294776
1450	1150	1.161982	1.074735	1.264645
1650	400	1.193535	1.088028	1.321702
950	300	1.182404	1.083376	1.301356
2200	400	1.192417	1.087561	1.319649
2400	600	1.187987	1.085715	1.311530
600	100	1.171870	1.078935	1.282324
1750	850	1.177088	1.081139	1.291727
1900	400	1.192484	1.087585	1.319779
1800	1350	1.155502	1.071955	1.253174
2100	300	1.196427	1.089226	1.327032
2800	0	1.202606	1.091776	1.338478
1150	300	1.188367	1.085871	1.312230
1400	1100	1.164637	1.075867	1.269372
1650	900	1.171396	1.078737	1.281469
2750	1500	1.171045	1.078582	1.280847
1200	800	1.164107	1.075639	1.268430
700	475	1.180713	1.082671	1.298280
1950	900	1.176845	1.081038	1.291285
2750	100	1.202474	1.091723	1.338233
1350	1050	1.165762	1.076348	1.271378
1050	300	1.186325	1.085017	1.308498
1750	1150	1.166041	1.076460	1.271886
2750	600	1.190354	1.086697	1.315871
1300	1050	1.171599	1.078830	1.281823
1750	1450	1.154623	1.071580	1.251617
2050	1500	1.153430	1.071063	1.249521
1600	1350	1.164795	1.075940	1.269646
2550	300	1.199323	1.090421	1.332390
1600	1300	1.159612	1.073722	1.260437
2150	0	1.203624	1.092201	1.340364
850	625	1.182118	1.083262	1.300829
1650	1300	1.153630	1.071155	1.249866
2600	800	1.181271	1.082902	1.299297
2200	900	1.178321	1.081660	1.293951
950	700	1.177135	1.081167	1.291800
2800	600	1.190731	1.086859	1.316555
2800	1000	1.180381	1.082525	1.297687
2400	1500	1.163526	1.075387	1.267403
750	400	1.165430	1.076203	1.270789
1200	100	1.200514	1.090914	1.334596
1900	300	1.197573	1.089699	1.329151
1800	1450	1.147083	1.068324	1.238378
1900	500	1.191257	1.087075	1.317524
1700	950	1.174158	1.079904	1.286439
1300	200	1.198002	1.089877	1.329943
2200	600	1.188557	1.085949	1.312579
2000	1550	1.148807	1.069065	1.241403
2300	1350	1.165004	1.076017	1.270037
900	400	1.174996	1.080260	1.287946
800	450	1.166385	1.076611	1.272493
1650	0	1.206886	1.093541	1.346445
1400	0	1.202341	1.091668	1.337984
1000	450	1.176516	1.080900	1.290690
2150	1300	1.166709	1.076744	1.273080
1600	750	1.178839	1.081878	1.294891
1550	1300	1.166198	1.076534	1.272154
1350	650	1.178493	1.081731	1.294268
2750	200	1.197255	1.089572	1.328557
1200	950	1.172227	1.079095	1.282952
2100	1500	1.154533	1.071534	1.251469
1400	450	1.186202	1.084970	1.308267
1900	1000	1.173983	1.079824	1.286132
2050	900	1.177354	1.081252	1.292204
600	350	1.172959	1.079400	1.284276
2050	1350	1.162262	1.074849	1.265151
2550	1300	1.171090	1.078600	1.280929
2500	100	1.202558	1.091763	1.338381
1100	550	1.175339	1.080405	1.288563
1700	1200	1.157651	1.072877	1.256970
2700	200	1.201851	1.091463	1.337080
1850	200	1.200605	1.090955	1.334760
1100	100	1.197193	1.089539	1.328453
1300	550	1.181379	1.082947	1.299493
950	550	1.168659	1.077576	1.276561
1750	1200	1.160663	1.074171	1.262302
2800	1500	1.169524	1.077940	1.278116
2000	1150	1.170604	1.078398	1.280052
2250	1250	1.169426	1.077894	1.277945
1250	400	1.186378	1.085039	1.308598
2200	1000	1.175389	1.080425	1.288657
950	600	1.165458	1.076218	1.270836
750	350	1.170109	1.078191	1.279159
1450	650	1.179042	1.081965	1.295257
1500	950	1.169763	1.078048	1.278535
2250	1500	1.158144	1.073085	1.257849
1250	650	1.174772	1.080164	1.287544
1450	750	1.177349	1.081251	1.292195
1000	775	1.180935	1.082766	1.298681
1450	950	1.167297	1.077000	1.274122
2550	1100	1.176970	1.081087	1.291517
900	650	1.177389	1.081274	1.292259
2550	1000	1.175284	1.080382	1.288465
2600	1100	1.174846	1.080193	1.287681
2500	1600	1.159900	1.073832	1.260967
2250	1200	1.169028	1.077729	1.277227
2000	1300	1.162510	1.074951	1.265597
1650	100	1.202510	1.091740	1.338295
1050	450	1.178364	1.081678	1.294031
2150	1250	1.167610	1.077123	1.274695
2350	800	1.179305	1.082074	1.295735
1550	750	1.180451	1.082556	1.297810
2000	1500	1.150752	1.069909	1.244809
1600	1250	1.151809	1.070370	1.246661
950	500	1.171963	1.078978	1.282486
1300	900	1.164801	1.075938	1.269664
650	400	1.174655	1.080117	1.287329
1900	600	1.184189	1.084120	1.304610
2400	1300	1.169030	1.077729	1.277231
1850	1500	1.145593	1.067680	1.235773
1250	100	1.200650	1.090971	1.334848
850	400	1.173169	1.079487	1.284656
850	550	1.173067	1.079447	1.284468
1300	1000	1.166655	1.076729	1.272972
2100	100	1.203418	1.092113	1.339985
1700	700	1.180430	1.082552	1.297767
2250	100	1.200702	1.090992	1.334945
1750	1350	1.154829	1.071670	1.251981
2500	400	1.197545	1.089685	1.329103
2650	1000	1.176068	1.080707	1.289886
1550	650	1.180869	1.082734	1.298567
1900	1300	1.160769	1.074212	1.262497
600	300	1.169006	1.077725	1.277181
1200	750	1.167375	1.077032	1.274263
1700	400	1.193430	1.087976	1.321520
2750	0	1.201612	1.091371	1.336627
1000	750	1.175417	1.080443	1.288696
1400	200	1.198300	1.090000	1.330495
2100	1400	1.162295	1.074860	1.265215
2350	900	1.179152	1.082013	1.295453
1450	300	1.195474	1.088829	1.325278
1450	600	1.182380	1.083367	1.301312
2400	400	1.192979	1.087790	1.320690
2650	100	1.205075	1.092797	1.343066
1500	0	1.205671	1.093045	1.344174
800	350	1.172353	1.079143	1.283189
1500	300	1.194360	1.088369	1.323221
1900	200	1.201483	1.091311	1.336398
2250	700	1.182288	1.083330	1.301142
2050	200	1.200311	1.090833	1.334216
1700	0	1.208271	1.094106	1.349037
1500	900	1.172630	1.079262	1.283683
1750	600	1.185197	1.084549	1.306437
2650	300	1.197668	1.089740	1.329324
950	400	1.176875	1.081053	1.291337
2100	1450	1.158477	1.073228	1.258438
1800	1000	1.172698	1.079286	1.283811
2700	800	1.182916	1.083592	1.302287
2150	1550	1.152820	1.070796	1.248453
2600	400	1.195022	1.088647	1.324437
1800	100	1.203054	1.091963	1.339309
2800	1100	1.176908	1.081061	1.291403
1700	1300	1.152490	1.070658	1.247867
2450	1100	1.175873	1.080624	1.289538
1900	900	1.177565	1.081340	1.292589
2500	1000	1.176748	1.080995	1.291113
2400	300	1.198752	1.090187	1.331330
1000	0	1.197343	1.089600	1.328732
1750	400	1.191174	1.087045	1.317365
2100	1550	1.152181	1.070525	1.247323
1950	1500	1.150911	1.069979	1.245089
1200	0	1.201623	1.091371	1.336654
2450	1300	1.170393	1.078308	1.279675
1050	650	1.167129	1.076928	1.273822
2250	0	1.201420	1.091291	1.336271
2600	200	1.200072	1.090734	1.333773
1200	600	1.176334	1.080824	1.290359
2150	1150	1.173197	1.079494	1.284714
2150	1400	1.163416	1.075337	1.267211
2300	600	1.186953	1.085283	1.309639
2700	300	1.198007	1.089881	1.329948
2650	500	1.191468	1.087163	1.317912
2650	600	1.188000	1.085720	1.311555
2350	100	1.202822	1.091867	1.338877
2800	1300	1.172228	1.079080	1.282977
1700	1050	1.167076	1.076901	1.273733
2700	500	1.194330	1.088351	1.323174
1750	700	1.182551	1.083438	1.301623
2700	700	1.185782	1.084783	1.307519
1650	300	1.197664	1.089737	1.329319
1900	800	1.179659	1.082224	1.296373
1700	100	1.202850	1.091880	1.338927
1550	550	1.187382	1.085463	1.310424
800	550	1.176967	1.081094	1.291498
800	400	1.169464	1.077918	1.278002
1800	850	1.176590	1.080928	1.290829
800	100	1.187039	1.085315	1.309802
1850	400	1.192403	1.087552	1.319628
1600	1000	1.168462	1.077488	1.276215
1600	700	1.183200	1.083710	1.302804
1950	1100	1.172839	1.079344	1.284068
1400	1000	1.160653	1.074166	1.262287
1550	1200	1.154027	1.071327	1.250563
1800	1550	1.155434	1.071934	1.253041
2550	1500	1.164976	1.076006	1.269986
1400	400	1.190132	1.086609	1.315458
1950	1250	1.165236	1.076116	1.270449
1950	200	1.200444	1.090887	1.334464
2300	1000	1.176753	1.080995	1.291125
2300	900	1.177934	1.081494	1.293257
2050	1100	1.172417	1.079171	1.283301
2250	1600	1.155188	1.071818	1.252623
2050	1550	1.151182	1.070088	1.245574
2250	1350	1.165844	1.076377	1.271532
2350	200	1.201981	1.091515	1.337324
1700	800	1.180404	1.082535	1.297728
1750	1400	1.150147	1.069650	1.243745
2800	700	1.185758	1.084782	1.307461
2650	800	1.179925	1.082335	1.296858
2600	300	1.198004	1.089881	1.329943
2550	1200	1.173286	1.079532	1.284872
2000	1600	1.147108	1.068335	1.238423
1700	1000	1.171145	1.078630	1.281017
1250	800	1.166254	1.076553	1.272262
2200	1250	1.167011	1.076875	1.273615
1200	500	1.181419	1.082964	1.299567
1900	700	1.181421	1.082965	1.299569
1700	1150	1.162996	1.075166	1.266452
1550	950	1.168169	1.077369	1.275683
1300	500	1.183841	1.083979	1.303971
1450	100	1.204496	1.092550	1.342002
1750	500	1.188701	1.086012	1.312839
1450	400	1.192003	1.087389	1.318888
2450	500	1.188630	1.085986	1.312704
1850	1250	1.159061	1.073480	1.259469
2500	1500	1.164243	1.075685	1.268689
2350	0	1.202007	1.091533	1.337360
2250	800	1.182679	1.083495	1.301852
700	200	1.174158	1.079904	1.286438
2550	1400	1.168032	1.077305	1.275445
2000	1200	1.167694	1.077167	1.274833
2500	1300	1.171012	1.078568	1.280789
2600	700	1.185333	1.084601	1.306692
1000	300	1.184315	1.084176	1.304834
2100	1250	1.169139	1.077776	1.277427
1650	750	1.178419	1.081701	1.294132
1550	1100	1.160718	1.074192	1.262404
1600	1200	1.156687	1.072465	1.255264
2200	1100	1.172570	1.079231	1.283582
1750	1500	1.159539	1.073689	1.260310
2050	1050	1.174440	1.080020	1.286950
2150	1350	1.164642	1.075863	1.269390
2350	1600	1.156708	1.072467	1.255310
1050	600	1.170291	1.078269	1.279486
1750	1250	1.158167	1.073098	1.257885
1200	650	1.175239	1.080361	1.288387
850	450	1.169476	1.077923	1.278025
850	600	1.177546	1.081340	1.292542
1250	350	1.189517	1.086347	1.314340
650	300	1.164155	1.075659	1.268517
1700	300	1.196054	1.089071	1.326346
1650	700	1.182700	1.083497	1.301899
2550	700	1.182831	1.083551	1.302139
1150	600	1.174618	1.080100	1.287264
700	300	1.168432	1.077480	1.276153
1500	550	1.185567	1.084701	1.307116
1100	0	1.198291	1.089994	1.330481
2350	1100	1.174514	1.080055	1.287080
1700	1350	1.149480	1.069366	1.242569
1550	850	1.171941	1.078968	1.282446
1400	1050	1.156737	1.072489	1.255349
1950	950	1.176471	1.080880	1.290612
1400	750	1.176313	1.080811	1.290327
2100	700	1.181548	1.083018	1.299799
1100	350	1.185016	1.084471	1.306110
2150	1100	1.172924	1.079380	1.284221
1850	1350	1.155973	1.072157	1.254005
2550	1600	1.164389	1.075751	1.268946
1800	900	1.178679	1.081809	1.294603
2600	600	1.188488	1.085922	1.312452
700	350	1.164403	1.075765	1.268959
1150	750	1.165555	1.076257	1.271011
2300	400	1.194799	1.088548	1.324036
1800	0	1.205701	1.093051	1.344238
1250	500	1.181754	1.083104	1.300176
800	300	1.175151	1.080322	1.288229
2450	1200	1.170683	1.078432	1.280192
2100	1100	1.173513	1.079630	1.285279
1700	1250	1.156201	1.072257	1.254405
1000	500	1.173651	1.079691	1.285524
1050	750	1.170449	1.078339	1.279764
1800	1250	1.159291	1.073578	1.259877
1900	1400	1.153890	1.071258	1.250335
2800	900	1.182081	1.083244	1.300766
2650	700	1.183072	1.083654	1.302574
2150	800	1.179847	1.082297	1.296724
2150	400	1.193177	1.087876	1.321048
1150	700	1.168989	1.077716	1.277153
1800	950	1.173866	1.079780	1.285914
2300	1200	1.172815	1.079331	1.284029
2650	900	1.180411	1.082536	1.297743
2700	100	1.200959	1.091101	1.335416
2150	600	1.184508	1.084255	1.305189
2600	900	1.178293	1.081646	1.293906
2050	400	1.193752	1.088111	1.322112
2800	200	1.202066	1.091559	1.337469
2000	1450	1.155825	1.072093	1.253746
2200	0	1.202789	1.091850	1.338822
2050	1000	1.177178	1.081178	1.291887
1750	1050	1.168588	1.077546	1.276434
2350	400	1.194646	1.088479	1.323760
2050	1300	1.165191	1.076097	1.270370
1350	350	1.192379	1.087544	1.319582
1300	650	1.178533	1.081752	1.294335
2200	300	1.196813	1.089387	1.327743
1100	400	1.182191	1.083288	1.300969
2650	1500	1.168877	1.077659	1.276966
1650	1000	1.170527	1.078365	1.279914
1800	1050	1.169945	1.078117	1.278873
2650	1300	1.173047	1.079433	1.284441
1800	400	1.194185	1.088292	1.322907
750	300	1.172606	1.079249	1.283643
2800	300	1.200518	1.090918	1.334599
900	300	1.181355	1.082937	1.299450
1350	300	1.193015	1.087808	1.320750
2200	800	1.180722	1.082671	1.298302
1650	950	1.170357	1.078299	1.279601
2400	900	1.177920	1.081493	1.293225
2150	700	1.182805	1.083546	1.302084
1000	650	1.164079	1.075629	1.268379
1800	500	1.188543	1.085941	1.312557
2300	700	1.182712	1.083504	1.301919
2000	400	1.192410	1.087559	1.319634
2450	1500	1.165448	1.076203	1.270834
1400	1175	1.172588	1.079247	1.283602
700	0	1.185223	1.084554	1.306491
1400	950	1.164086	1.075629	1.268396
2050	500	1.188295	1.085844	1.312093
1750	0	1.206476	1.093366	1.345689
1350	1000	1.158392	1.073201	1.258274
1550	700	1.180115	1.082412	1.297207
1200	400	1.185487	1.084668	1.306967
2300	1400	1.165970	1.076433	1.271754
2400	1000	1.176362	1.080834	1.290412
1850	1600	1.156664	1.072460	1.255217
1750	950	1.171246	1.078672	1.281203
2050	1450	1.157240	1.072696	1.256252
1850	1000	1.174568	1.080077	1.287178
2000	800	1.180652	1.082639	1.298179
2300	1550	1.157633	1.072868	1.256940
800	575	1.181482	1.082994	1.299675
1850	1450	1.148139	1.068779	1.240230
2800	500	1.193148	1.087860	1.321000
2450	1450	1.164619	1.075850	1.269354
1100	500	1.177576	1.081348	1.292604
2250	1450	1.163079	1.075195	1.266609
2200	1200	1.170873	1.078515	1.280530
1700	750	1.180331	1.082507	1.297592
1250	0	1.202966	1.091923	1.339152
1250	600	1.179635	1.082211	1.296336
1500	1050	1.163842	1.075527	1.267958
1450	450	1.186015	1.084889	1.307931
2650	1400	1.169309	1.077844	1.277737
2400	200	1.198291	1.089996	1.330479
2550	600	1.186712	1.085182	1.309202
2450	1400	1.168011	1.077294	1.275411
1350	550	1.181683	1.083075	1.300045
2000	1250	1.165046	1.076035	1.270112
2300	0	1.204191	1.092428	1.341430
1300	1075	1.176512	1.080905	1.290674
1550	100	1.204292	1.092473	1.341612
1000	550	1.171263	1.078681	1.281230
2750	800	1.182355	1.083355	1.301269
1800	600	1.186278	1.085002	1.308407
1700	1450	1.161752	1.074641	1.264231
1900	1600	1.150643	1.069867	1.244612
2200	1350	1.165021	1.076025	1.270064
1800	1500	1.155750	1.072064	1.253608
2450	900	1.179769	1.082266	1.296580
1550	600	1.183496	1.083833	1.303344
1050	350	1.183641	1.083895	1.303605
2150	300	1.197355	1.089610	1.328746
1250	750	1.169721	1.078029	1.278461
850	500	1.166769	1.076774	1.273179
2100	800	1.181851	1.083139	1.300359
600	0	1.177080	1.081135	1.291712
2400	700	1.182647	1.083477	1.301799
1850	500	1.187580	1.085545	1.310788
1800	1150	1.164951	1.075991	1.269946
1050	800	1.176056	1.080714	1.289850
1850	950	1.173650	1.079686	1.285528
2350	1350	1.168029	1.077304	1.275439
2300	1300	1.169905	1.078097	1.278805
1750	800	1.181196	1.082869	1.299162
2300	100	1.204943	1.092735	1.342831
2700	1600	1.164610	1.075846	1.269339
1400	700	1.177608	1.081357	1.292666
1200	200	1.194548	1.088444	1.323572
1600	850	1.177330	1.081247	1.292155
1400	100	1.202579	1.091765	1.338430
1350	500	1.184916	1.084431	1.305926
800	0	1.189409	1.086303	1.314142
2000	500	1.188407	1.085886	1.312305
2350	600	1.186037	1.084904	1.307964
1900	1500	1.148981	1.069145	1.241702
2750	1200	1.172733	1.079300	1.283876
1450	700	1.177429	1.081287	1.292337
1950	1600	1.143141	1.066616	1.231497
1450	1000	1.163856	1.075532	1.267985
1500	100	1.203898	1.092316	1.340869
1300	950	1.160370	1.074045	1.261784
1750	1100	1.166883	1.076820	1.273387
1250	1025	1.176438	1.080879	1.290533
1500	1000	1.165137	1.076077	1.270269
2750	400	1.195536	1.088849	1.325401
1600	1375	1.166383	1.076614	1.272483
1100	650	1.170702	1.078446	1.280219
1650	650	1.183949	1.084025	1.304165
2600	1500	1.166881	1.076816	1.273387
1100	200	1.192707	1.087680	1.320184
1350	900	1.165897	1.076401	1.271625
2350	1450	1.164738	1.075901	1.269565
2750	1600	1.165916	1.076399	1.271673
2250	1000	1.176319	1.080816	1.290336
2450	600	1.186983	1.085299	1.309690
1950	1150	1.170843	1.078502	1.280477
2700	1400	1.168148	1.077351	1.275658
1750	900	1.175810	1.080602	1.289416
2300	500	1.190484	1.086755	1.316105
2050	600	1.184576	1.084285	1.305310
1400	900	1.166348	1.076595	1.272427
1400	850	1.170580	1.078391	1.280004
1350	100	1.202597	1.091772	1.338463
1750	100	1.203167	1.092015	1.339509
1200	350	1.187528	1.085522	1.310694
1300	0	1.202357	1.091674	1.338018
1950	300	1.197527	1.089675	1.329075
1950	1200	1.167755	1.077186	1.274952
1800	700	1.183072	1.083654	1.302575
1650	200	1.200712	1.090999	1.334956
900	0	1.194290	1.088335	1.323100
2600	100	1.204512	1.092569	1.342011
900	100	1.192724	1.087683	1.320221
1650	1100	1.163928	1.075560	1.268115
2550	0	1.203796	1.092271	1.340686
1250	1000	1.171802	1.078915	1.282190
2000	1000	1.174917	1.080220	1.287812
2200	1400	1.162176	1.074807	1.265005
2350	1500	1.161854	1.074672	1.264430
2350	1550	1.160369	1.074036	1.261794
1850	1200	1.163128	1.075221	1.266690
1700	500	1.187928	1.085688	1.311425
1100	700	1.166182	1.076523	1.272132
2300	200	1.200720	1.090999	1.334977
2350	1200	1.172232	1.079084	1.282981
2600	1600	1.163821	1.075506	1.267939
650	350	1.170396	1.078315	1.279672
1100	750	1.162843	1.075102	1.266178
2200	200	1.200170	1.090773	1.333956
2250	600	1.185056	1.084489	1.306181
2400	1450	1.162780	1.075067	1.266076
1850	0	1.203930	1.092327	1.340934
2000	100	1.204770	1.092673	1.342496
1650	1050	1.167958	1.077278	1.275309
1900	950	1.175685	1.080547	1.289193
1000	350	1.181119	1.082837	1.299023
2200	500	1.190448	1.086743	1.316033
2050	300	1.198230	1.089965	1.330374
1800	1575	1.162984	1.075161	1.266430
1400	300	1.191642	1.087236	1.318231
