#mGo	mLSP\ISRweight\ISRweight_up\ISRweight_down
1800	200	1.112841	1.053268	1.179556
600	200	1.120367	1.056623	1.192296
1950	800	1.109585	1.051813	1.174071
2300	900	1.102194	1.048487	1.161699
2500	1200	1.098589	1.046857	1.155699
1150	450	1.124518	1.058463	1.199366
2300	200	1.101759	1.048290	1.160976
2250	300	1.103043	1.048871	1.163116
2250	1100	1.102820	1.048770	1.162745
1300	700	1.120309	1.056598	1.192198
1250	300	1.125158	1.058746	1.200459
1600	100	1.116554	1.054929	1.185826
1050	400	1.125127	1.058733	1.200407
2000	700	1.107904	1.051059	1.171250
1200	850	1.120277	1.056586	1.192139
2100	400	1.105507	1.049978	1.167236
2550	500	1.098566	1.046845	1.155662
2300	1900	1.093100	1.044364	1.146608
2050	1600	1.101216	1.048047	1.160068
2100	1300	1.103423	1.049043	1.163749
2200	1450	1.099868	1.047439	1.157823
1900	1700	1.103154	1.048923	1.163298
1450	500	1.118649	1.055864	1.189373
1450	800	1.117680	1.055432	1.187731
2000	1100	1.105697	1.050068	1.167550
1300	750	1.119867	1.056402	1.191445
1850	850	1.110014	1.052003	1.174796
1800	1300	1.107509	1.050885	1.170581
2400	800	1.100540	1.047737	1.158947
1100	800	1.121752	1.057241	1.194648
1900	1050	1.110254	1.052113	1.175197
1000	800	1.122125	1.057403	1.195286
1850	700	1.111123	1.052503	1.176658
1300	800	1.120201	1.056552	1.192009
2600	1400	1.093987	1.044766	1.148076
2100	1350	1.102456	1.048604	1.162138
1650	1150	1.112044	1.052915	1.178209
2550	400	1.099366	1.047208	1.156992
1950	1400	1.101991	1.048395	1.161362
1500	600	1.120389	1.056636	1.192331
1600	950	1.113907	1.053751	1.181348
1900	1775	1.100662	1.047800	1.159143
2300	1100	1.100603	1.047770	1.159048
1500	1200	1.113280	1.053468	1.180293
1700	850	1.113519	1.053573	1.180698
2200	1300	1.099587	1.047309	1.157359
2000	200	1.110120	1.052053	1.174972
2100	1150	1.105178	1.049830	1.166687
1550	550	1.118632	1.055854	1.189347
1650	1350	1.109446	1.051751	1.173838
850	700	1.122904	1.057749	1.196613
900	600	1.163084	1.075057	1.266812
1300	850	1.118326	1.055719	1.188828
1050	550	1.123450	1.057990	1.197545
1300	550	1.120665	1.056756	1.192802
2000	1350	1.103155	1.048922	1.163302
700	575	1.122122	1.057403	1.195280
700	100	1.124476	1.058444	1.199297
2250	1550	1.099340	1.047198	1.156948
2250	1250	1.100477	1.047712	1.158837
1550	900	1.114317	1.053933	1.182042
2300	1600	1.096005	1.045686	1.151412
2500	1550	1.095077	1.045263	1.149877
2350	1400	1.099139	1.047106	1.156614
2100	1600	1.098879	1.046987	1.156183
1500	1250	1.113209	1.053436	1.180173
2500	1100	1.096644	1.045972	1.152476
1400	1250	1.114379	1.053963	1.182142
1200	1075	1.118805	1.055931	1.189641
2200	1700	1.096552	1.045934	1.152317
1400	650	1.119223	1.056116	1.190352
1100	450	1.124232	1.058337	1.198877
1950	1825	1.100413	1.047683	1.158732
2300	300	1.104668	1.049600	1.165835
2600	1200	1.094926	1.045194	1.149626
2150	1500	1.101829	1.048324	1.161089
1800	800	1.113224	1.053441	1.180200
1550	1000	1.115137	1.054302	1.183422
2550	900	1.098866	1.046981	1.156161
1150	650	1.121529	1.057142	1.194268
800	650	1.123101	1.057837	1.196947
1450	1050	1.115589	1.054499	1.184193
1950	100	1.110412	1.052182	1.175464
800	200	1.126063	1.059144	1.202008
1250	100	1.124333	1.058382	1.199049
2050	1350	1.104179	1.049382	1.165014
1300	300	1.121354	1.057063	1.193971
1700	900	1.114821	1.054156	1.182895
1900	1350	1.105572	1.050014	1.167338
2150	1200	1.101153	1.048018	1.159964
1200	700	1.121556	1.057153	1.194314
2600	0	1.098393	1.046766	1.155376
2200	1000	1.102977	1.048843	1.163004
2600	1300	1.094692	1.045090	1.149236
1350	950	1.118776	1.055917	1.189593
2050	1200	1.104756	1.049642	1.165979
2250	1650	1.097486	1.046357	1.153868
2100	900	1.105434	1.049944	1.167116
1600	1050	1.112797	1.053252	1.179479
1200	900	1.118775	1.055917	1.189589
2400	1550	1.096504	1.045913	1.152237
1850	1725	1.102950	1.048833	1.162956
2050	500	1.108674	1.051409	1.172535
1600	300	1.117508	1.055351	1.187446
1550	800	1.116666	1.054982	1.186012
1600	900	1.116013	1.054690	1.184908
2050	1400	1.101675	1.048254	1.160833
2100	1200	1.104705	1.049616	1.165898
1650	500	1.114998	1.054237	1.183192
900	500	1.085487	1.040891	1.134076
2450	0	1.100760	1.047837	1.159314
1600	600	1.117257	1.055241	1.187017
2150	200	1.105604	1.050024	1.167397
1650	1400	1.108654	1.051397	1.172506
1850	100	1.112054	1.052917	1.178229
1900	1200	1.108487	1.051322	1.172227
1950	700	1.109023	1.051559	1.173130
1350	450	1.123870	1.058173	1.198264
1550	1300	1.111333	1.052593	1.177018
2350	1750	1.094614	1.045050	1.149114
1650	1100	1.112585	1.053157	1.179121
1900	1250	1.106945	1.050630	1.169639
1300	600	1.122291	1.057479	1.195567
1250	200	1.123962	1.058217	1.198418
600	400	1.118993	1.056012	1.189963
2200	100	1.104960	1.049733	1.166321
2000	1750	1.102392	1.048579	1.162027
1950	1450	1.103422	1.049044	1.163747
2100	1800	1.096914	1.046100	1.152917
1150	500	1.123873	1.058178	1.198267
2450	1000	1.100067	1.047525	1.158158
2500	0	1.099655	1.047340	1.157471
1350	400	1.123165	1.057865	1.197056
1150	400	1.125816	1.059036	1.201584
2150	1700	1.098649	1.046885	1.155799
750	625	1.122045	1.057367	1.195151
1000	600	1.122955	1.057772	1.196699
1050	500	1.124921	1.058641	1.200054
2300	1450	1.097842	1.046518	1.154460
2250	1400	1.100856	1.047882	1.159471
1750	750	1.113228	1.053447	1.180202
2050	800	1.108494	1.051324	1.172239
600	450	1.118539	1.055811	1.189191
2050	1250	1.105692	1.050061	1.167547
1950	1650	1.101930	1.048372	1.161255
1250	1125	1.117563	1.055382	1.187531
2050	1700	1.100203	1.047586	1.158385
2150	1600	1.099641	1.047337	1.157443
1850	600	1.111546	1.052692	1.177372
950	825	1.122476	1.057561	1.195882
1600	800	1.116152	1.054749	1.185145
1250	700	1.120524	1.056694	1.192563
1850	1050	1.109974	1.051986	1.174727
950	750	1.122774	1.057693	1.196390
1900	1150	1.106358	1.050363	1.168659
2300	800	1.102859	1.048789	1.162807
1550	500	1.119959	1.056443	1.191600
750	450	1.124563	1.058484	1.199442
1850	1700	1.102714	1.048725	1.162565
2600	1800	1.090587	1.043217	1.142463
1500	850	1.117564	1.055376	1.187540
2000	1250	1.103136	1.048913	1.163269
1500	1150	1.115776	1.054584	1.184506
2150	900	1.104484	1.049519	1.165525
1450	550	1.122619	1.057625	1.196125
1350	0	1.120568	1.056713	1.192637
1450	850	1.116327	1.054827	1.185442
1550	0	1.118982	1.056010	1.189939
2000	0	1.108734	1.051432	1.172643
1600	1475	1.111275	1.052575	1.176909
1300	100	1.122938	1.057764	1.196671
1650	1525	1.110086	1.052040	1.174912
1850	1300	1.108641	1.051393	1.172482
1000	400	1.125123	1.058730	1.200400
1900	1550	1.103005	1.048854	1.163052
2350	1900	1.092763	1.044209	1.146052
2400	1400	1.097869	1.046529	1.154505
2250	400	1.104627	1.049587	1.165758
1600	650	1.118711	1.055892	1.189478
2150	1450	1.100764	1.047840	1.159319
2150	500	1.106975	1.050640	1.169693
2000	1650	1.102164	1.048476	1.161647
2200	1550	1.099237	1.047149	1.156779
2550	1650	1.092794	1.044222	1.146106
2450	300	1.101422	1.048137	1.160416
2250	1300	1.100828	1.047868	1.159426
1700	1400	1.108218	1.051200	1.171778
2600	500	1.098418	1.046777	1.155418
1700	1575	1.107534	1.050896	1.170625
2000	1850	1.098549	1.046843	1.155629
1700	1350	1.109082	1.051589	1.173224
900	200	1.127476	1.059767	1.204427
650	525	1.121117	1.056956	1.193571
2400	100	1.099954	1.047471	1.157973
1950	1750	1.101837	1.048325	1.161106
1050	900	1.121083	1.056942	1.193510
1250	450	1.123423	1.057978	1.197498
2400	1650	1.094912	1.045188	1.149604
2450	200	1.101420	1.048135	1.160412
950	650	1.123259	1.057906	1.197218
2500	500	1.099580	1.047304	1.157349
2150	1000	1.104080	1.049339	1.164846
1750	1300	1.108009	1.051107	1.171423
1550	400	1.118209	1.055663	1.188634
700	400	1.123191	1.057875	1.197102
1400	1200	1.115247	1.054347	1.183615
1050	700	1.122808	1.057707	1.196449
1950	600	1.109283	1.051680	1.173561
1400	600	1.120644	1.056748	1.192765
1900	1450	1.104351	1.049462	1.165297
1000	100	1.456254	1.186112	1.885738
2000	300	1.108559	1.051355	1.172348
2350	1000	1.099741	1.047377	1.157616
1350	750	1.119949	1.056442	1.191580
1450	200	1.121415	1.057088	1.194079
1600	0	1.116080	1.054718	1.185023
2000	900	1.107173	1.050730	1.170023
2200	1500	1.100330	1.047644	1.158597
800	600	1.123042	1.057810	1.196847
1450	1100	1.115002	1.054236	1.183202
1500	200	1.118384	1.055745	1.188925
700	450	1.122481	1.057560	1.195893
1250	950	1.119047	1.056039	1.190050
2250	500	1.103689	1.049162	1.164196
1500	800	1.116570	1.054939	1.185848
1500	550	1.120162	1.056530	1.191951
1500	1100	1.116252	1.054796	1.185312
1950	1350	1.103535	1.049096	1.163933
2150	1850	1.097770	1.046487	1.154339
1950	1050	1.106479	1.050420	1.168859
1150	800	1.120836	1.056834	1.193090
1800	1100	1.108913	1.051515	1.172939
1350	700	1.120163	1.056536	1.191944
1650	1250	1.111320	1.052592	1.176989
2450	100	1.100676	1.047799	1.159174
1100	600	1.122923	1.057758	1.196644
1500	500	1.116741	1.055010	1.186145
1600	1150	1.112834	1.053269	1.179540
1150	550	1.123436	1.057987	1.197518
2450	800	1.098570	1.046850	1.155666
1400	1100	1.116536	1.054922	1.185793
2500	800	1.099337	1.047192	1.156948
1200	550	1.122312	1.057486	1.195606
2300	1500	1.096312	1.045823	1.151924
2050	700	1.105792	1.050109	1.167710
2400	500	1.101764	1.048291	1.160985
1950	1300	1.104550	1.049551	1.165632
1000	875	1.122245	1.057459	1.195487
2050	1150	1.103846	1.049233	1.164457
1550	300	1.120206	1.056556	1.192016
1600	400	1.119622	1.056295	1.191026
1950	400	1.110013	1.052003	1.174793
1000	700	1.122718	1.057667	1.196295
1350	1100	1.117056	1.055156	1.186672
1800	1200	1.108948	1.051535	1.172994
2400	1700	1.095056	1.045254	1.149840
2100	1900	1.095278	1.045358	1.150204
1350	200	1.122427	1.057539	1.195799
1700	200	1.116445	1.054882	1.185640
1650	600	1.116383	1.054855	1.185534
1600	500	1.119178	1.056097	1.190274
1200	450	1.123690	1.058097	1.197953
2400	1100	1.099836	1.047421	1.157774
1500	1300	1.111021	1.052458	1.176485
1750	200	1.113957	1.053770	1.181435
1950	500	1.109301	1.051685	1.173597
1150	900	1.120711	1.056778	1.192877
2500	300	1.100260	1.047613	1.158480
2000	1400	1.103632	1.049138	1.164098
900	0	1.127115	1.059611	1.203805
1900	1750	1.100611	1.047773	1.159061
1650	800	1.114518	1.054019	1.182386
1550	1425	1.110862	1.052390	1.176213
950	450	1.125434	1.058869	1.200929
800	500	1.123526	1.058023	1.197676
1850	800	1.112176	1.052974	1.178432
2500	1850	1.092304	1.044003	1.145291
1000	200	1.126485	1.059332	1.202728
1000	850	1.120603	1.056730	1.192693
2450	1800	1.092505	1.044094	1.145623
750	500	1.123281	1.057916	1.197255
1400	800	1.119636	1.056300	1.191052
1750	1550	1.107424	1.050844	1.170445
2050	100	1.108895	1.051503	1.172914
2350	1700	1.096550	1.045934	1.152315
1050	850	1.121212	1.056998	1.193734
2250	200	1.102837	1.048776	1.162773
2200	0	1.104419	1.049490	1.165415
1950	0	1.110221	1.052099	1.175140
1550	1150	1.112367	1.053062	1.178752
1900	0	1.110469	1.052211	1.175557
1950	1000	1.106962	1.050637	1.169669
1850	1100	1.107460	1.050858	1.170508
2450	400	1.100627	1.047779	1.159090
2600	1000	1.096050	1.045703	1.151491
2600	1650	1.093662	1.044619	1.147537
2150	100	1.106438	1.050400	1.168793
1150	850	1.120437	1.056655	1.192415
2400	1200	1.097612	1.046411	1.154081
2300	1650	1.097362	1.046302	1.153661
1350	850	1.120838	1.056834	1.193094
1950	1550	1.102086	1.048440	1.161518
1750	300	1.115033	1.054248	1.183257
2100	500	1.109130	1.051607	1.173310
1600	1100	1.112704	1.053213	1.179317
1900	1650	1.103600	1.049124	1.164044
2000	1200	1.106935	1.050621	1.169627
1450	0	1.121439	1.057100	1.194118
2550	100	1.098314	1.046733	1.155242
2100	0	1.106703	1.050522	1.169233
1850	1650	1.101826	1.048324	1.161082
2400	1600	1.096028	1.045695	1.151452
1450	900	1.117939	1.055547	1.188171
1900	1100	1.109597	1.051818	1.174094
1450	1200	1.114244	1.053899	1.181918
1100	300	1.125347	1.058830	1.200781
1350	800	1.120728	1.056785	1.192908
2350	1850	1.093037	1.044334	1.146504
2350	300	1.102695	1.048714	1.162535
1900	100	1.113249	1.053453	1.180242
1850	900	1.111109	1.052496	1.176636
2450	1550	1.095096	1.045271	1.149909
2350	1300	1.097406	1.046321	1.153737
1550	1250	1.110793	1.052358	1.176099
1850	300	1.113434	1.053533	1.180556
1300	400	1.124331	1.058382	1.199045
1350	1225	1.114648	1.054082	1.182599
2150	1650	1.097624	1.046419	1.154099
2250	900	1.102734	1.048730	1.162601
1500	400	1.120533	1.056698	1.192576
1800	300	1.113865	1.053729	1.181280
1500	700	1.117949	1.055546	1.188193
2550	800	1.098506	1.046819	1.155563
1150	950	1.119683	1.056321	1.191131
1550	1050	1.113880	1.053734	1.181306
1750	1000	1.110891	1.052399	1.176266
1650	850	1.114469	1.054001	1.182298
900	450	1.125242	1.058784	1.200602
2000	600	1.110954	1.052425	1.176378
1200	300	1.123634	1.058072	1.197858
900	700	1.123769	1.058133	1.198086
1250	850	1.118088	1.055610	1.188426
2550	200	1.099581	1.047305	1.157350
1300	450	1.123164	1.057863	1.197058
1250	900	1.119506	1.056241	1.190831
1650	1200	1.111211	1.052545	1.176801
2200	1600	1.099936	1.047468	1.157937
1500	750	1.117444	1.055325	1.187334
1500	650	1.118707	1.055885	1.189477
2100	1700	1.100908	1.047907	1.159557
1500	1350	1.113650	1.053636	1.180915
2200	1900	1.094423	1.044968	1.148793
1400	1150	1.115117	1.054290	1.183393
2450	1750	1.092135	1.043924	1.145015
2350	700	1.101206	1.048041	1.160054
2100	600	1.106524	1.050437	1.168939
1400	550	1.121729	1.057227	1.194614
2100	1000	1.103552	1.049103	1.163963
2500	600	1.101167	1.048020	1.159992
750	550	1.123519	1.058021	1.197661
1100	850	1.120790	1.056812	1.193012
1850	1150	1.107809	1.051015	1.171091
2150	1750	1.098144	1.046658	1.154957
2350	500	1.101595	1.048213	1.160706
2500	400	1.099460	1.047250	1.157149
2500	900	1.099133	1.047103	1.156604
1450	1150	1.115374	1.054404	1.183827
1650	400	1.116925	1.055095	1.186453
2200	400	1.104780	1.049653	1.166020
2450	1700	1.094403	1.044956	1.148762
2400	600	1.099450	1.047249	1.157128
600	100	1.120398	1.056636	1.192349
1750	850	1.112751	1.053234	1.179398
1200	1050	1.118354	1.055730	1.188875
1900	400	1.108769	1.051447	1.172701
1800	1350	1.107871	1.051046	1.171193
2500	1700	1.092202	1.043951	1.145130
2100	300	1.107626	1.050933	1.170784
2400	0	1.100073	1.047526	1.158170
1550	850	1.117997	1.055568	1.188276
1600	1400	1.111701	1.052764	1.177629
1650	900	1.114220	1.053886	1.181880
1200	800	1.122223	1.057448	1.195450
1950	900	1.110177	1.052082	1.175063
2600	1900	1.090150	1.043016	1.141745
2300	1850	1.092434	1.044064	1.145504
1350	1050	1.116558	1.054930	1.185833
1750	1150	1.108924	1.051515	1.172963
1300	1050	1.117455	1.055331	1.187351
1750	1450	1.107776	1.051005	1.171032
2050	1500	1.101689	1.048259	1.160859
1600	1350	1.112865	1.053283	1.179591
2550	300	1.099321	1.047186	1.156918
1600	1300	1.112114	1.052948	1.178325
2150	0	1.107479	1.050865	1.170541
1350	1150	1.115984	1.054676	1.184860
2600	800	1.097052	1.046159	1.153150
2500	1800	1.093285	1.044448	1.146912
1100	900	1.120095	1.056504	1.191832
2200	900	1.103979	1.049294	1.164677
950	700	1.123386	1.057963	1.197433
2400	1500	1.098398	1.046771	1.155382
1350	1000	1.118222	1.055669	1.188654
1200	100	1.124956	1.058657	1.200114
1900	300	1.111216	1.052545	1.176815
1800	1450	1.106489	1.050428	1.168871
700	500	1.122155	1.057416	1.195339
2550	1750	1.092170	1.043940	1.145072
1700	950	1.113306	1.053479	1.180338
1300	200	1.123970	1.058224	1.198426
2200	600	1.104121	1.049357	1.164917
2000	1550	1.100232	1.047602	1.158431
2300	1350	1.101425	1.048141	1.160417
600	0	1.119756	1.056351	1.191258
800	450	1.124229	1.058334	1.198875
1650	1450	1.109955	1.051982	1.174691
1750	0	1.116439	1.054876	1.185634
1650	0	1.116147	1.054749	1.185135
1100	975	1.120561	1.056712	1.192622
1400	0	1.122918	1.057756	1.196636
1000	450	1.124825	1.058598	1.199891
2150	1300	1.103388	1.049027	1.163691
1600	750	1.115924	1.054649	1.184759
1400	1275	1.116426	1.054875	1.185606
1350	650	1.120388	1.056634	1.192329
1200	950	1.118778	1.055918	1.189597
2100	1500	1.100223	1.047598	1.158414
1400	450	1.121986	1.057343	1.195046
1900	1000	1.108647	1.051393	1.172497
2050	900	1.107336	1.050807	1.170293
1850	1400	1.107065	1.050683	1.169841
1950	1700	1.101701	1.048267	1.160875
2550	1300	1.095492	1.045449	1.150566
2050	1800	1.098805	1.046957	1.156055
2500	100	1.100278	1.047622	1.158507
1100	550	1.123678	1.058093	1.197932
1700	1200	1.109280	1.051677	1.173558
1850	200	1.111644	1.052732	1.177541
1100	100	1.125634	1.058957	1.201273
1350	600	1.123177	1.057870	1.197077
950	550	1.124856	1.058612	1.199945
1750	1200	1.110330	1.052149	1.175322
2000	1150	1.106078	1.050238	1.168189
2200	1850	1.095802	1.045593	1.151076
1250	400	1.123824	1.058158	1.198179
1900	1500	1.104973	1.049743	1.166339
2550	1700	1.093277	1.044445	1.146900
950	600	1.123342	1.057943	1.197359
2200	700	1.105739	1.050085	1.167622
1450	650	1.117979	1.055561	1.188242
1500	950	1.114298	1.053921	1.182012
2250	1500	1.098223	1.046691	1.155091
1450	750	1.118897	1.055968	1.189800
1250	1100	1.117163	1.055202	1.186854
2350	1650	1.097502	1.046364	1.153895
1450	950	1.116969	1.055113	1.186529
1450	1250	1.112673	1.053199	1.179267
2550	1100	1.095862	1.045619	1.151178
900	650	1.124345	1.058387	1.199069
2550	1000	1.097341	1.046290	1.153629
2450	1900	1.091445	1.043610	1.143877
2600	1100	1.095912	1.045640	1.151262
2500	1600	1.095760	1.045572	1.151009
2250	1200	1.102419	1.048583	1.162082
2000	1300	1.105670	1.050051	1.167509
1650	100	1.117798	1.055482	1.187934
2550	1400	1.096775	1.046032	1.152692
1050	450	1.124445	1.058430	1.199243
2150	1250	1.100917	1.047912	1.159569
2350	800	1.100742	1.047830	1.159283
1550	750	1.116498	1.054909	1.185726
2000	1500	1.103178	1.048936	1.163336
1600	1250	1.110143	1.052065	1.175008
950	500	1.125355	1.058833	1.200794
1300	900	1.119647	1.056305	1.191072
2350	1600	1.097857	1.046526	1.154484
650	400	1.120963	1.056889	1.193309
1900	600	1.112700	1.053210	1.179312
2400	1300	1.097858	1.046529	1.154483
1850	1500	1.104071	1.049333	1.164835
1550	200	1.120190	1.056542	1.191998
850	400	1.124803	1.058589	1.199854
850	550	1.124198	1.058322	1.198820
2050	1650	1.101426	1.048142	1.160417
1650	1500	1.107255	1.050766	1.170162
1300	1000	1.118114	1.055625	1.188466
2100	100	1.105776	1.050103	1.167683
1700	700	1.115315	1.054376	1.183731
2250	100	1.103985	1.049294	1.164690
2600	1850	1.091422	1.043598	1.143840
1750	1350	1.107415	1.050842	1.170425
1950	1800	1.099464	1.047252	1.157155
1550	1350	1.112171	1.052972	1.178423
1250	550	1.122356	1.057509	1.195676
1900	1300	1.105095	1.049798	1.166542
600	300	1.119508	1.056241	1.190837
1200	750	1.121414	1.057089	1.194075
1700	400	1.117255	1.055239	1.187015
1000	750	1.122169	1.057423	1.195361
1400	200	1.121787	1.057257	1.194706
2100	1400	1.101247	1.048061	1.160120
2350	900	1.102269	1.048519	1.161826
600	475	1.118697	1.055882	1.189458
2450	1850	1.092683	1.044173	1.145920
1450	300	1.123829	1.058159	1.198191
1450	600	1.121118	1.056962	1.193566
2400	400	1.100381	1.047667	1.158682
1500	0	1.120188	1.056546	1.191987
1500	300	1.120066	1.056490	1.191783
1900	200	1.113044	1.053360	1.179898
2250	700	1.105340	1.049907	1.166954
2050	200	1.107065	1.050682	1.169842
1700	0	1.116716	1.054998	1.186102
1500	1375	1.110941	1.052424	1.176348
1500	900	1.116658	1.054975	1.186002
1750	600	1.114357	1.053952	1.182107
1800	1600	1.105514	1.049986	1.167242
950	400	1.126010	1.059122	1.201917
2100	1450	1.100554	1.047748	1.158966
1800	1000	1.111301	1.052582	1.176958
2150	1550	1.101563	1.048202	1.160647
2150	1800	1.098626	1.046874	1.155761
2600	400	1.098197	1.046679	1.155049
1800	100	1.113946	1.053762	1.181421
2250	1800	1.094433	1.044974	1.148807
1700	1300	1.108706	1.051418	1.172596
2450	1100	1.098323	1.046734	1.155261
1900	900	1.110624	1.052278	1.175820
2500	1000	1.098376	1.046762	1.155344
2400	300	1.101272	1.048070	1.160163
2550	1900	1.093170	1.044395	1.146725
1000	0	1.126539	1.059354	1.202822
1750	400	1.114658	1.054083	1.182620
2100	1550	1.100726	1.047826	1.159251
1650	1300	1.109883	1.051950	1.174569
1950	1500	1.101970	1.048388	1.161325
1200	0	1.123914	1.058198	1.198331
2450	1300	1.097765	1.046482	1.154333
1050	650	1.122420	1.057535	1.195788
2250	0	1.102799	1.048761	1.162709
2600	200	1.098339	1.046743	1.155286
1200	600	1.121291	1.057034	1.193866
2150	1150	1.103831	1.049227	1.164430
2150	1400	1.101802	1.048309	1.161047
2300	600	1.104494	1.049524	1.165540
900	775	1.123300	1.057926	1.197286
2350	100	1.101107	1.047995	1.159890
1700	1050	1.111380	1.052618	1.177090
2350	1450	1.096777	1.046034	1.152695
1750	700	1.114130	1.053849	1.181725
1700	1500	1.108065	1.051132	1.171518
1650	300	1.116492	1.054900	1.185721
1900	800	1.108409	1.051286	1.172098
1050	925	1.120638	1.056747	1.192753
1700	100	1.115132	1.054296	1.183418
2300	1800	1.095022	1.045239	1.149785
1250	650	1.121161	1.056976	1.193644
800	550	1.122838	1.057720	1.196500
800	400	1.125141	1.058737	1.200431
1600	1450	1.108711	1.051424	1.172600
800	100	1.125617	1.058947	1.201246
1850	400	1.112795	1.053250	1.179477
1600	1000	1.114218	1.053885	1.181879
1600	700	1.117778	1.055472	1.187900
1950	1100	1.105992	1.050196	1.168048
1400	1000	1.117726	1.055453	1.187809
1550	1200	1.113645	1.053634	1.180906
1800	1550	1.105212	1.049851	1.166735
1450	1325	1.114634	1.054075	1.182577
1400	400	1.121591	1.057165	1.194379
1950	1250	1.103767	1.049198	1.164324
1950	200	1.110532	1.052241	1.175662
2300	1000	1.101549	1.048195	1.160626
2000	800	1.108249	1.051212	1.171829
2050	1100	1.104539	1.049544	1.165616
2250	1600	1.097512	1.046371	1.153909
2050	1550	1.101267	1.048068	1.160156
2250	1350	1.099166	1.047119	1.156659
2350	200	1.103317	1.048992	1.163576
1700	800	1.111989	1.052889	1.178118
1750	1625	1.105510	1.049983	1.167239
1750	1400	1.108291	1.051237	1.171893
2000	1700	1.101437	1.048150	1.160432
2600	300	1.100018	1.047501	1.158078
2550	1200	1.097518	1.046369	1.153925
2000	1600	1.103143	1.048920	1.163278
1700	1000	1.112912	1.053304	1.179672
1250	800	1.120002	1.056464	1.191673
2200	1250	1.101268	1.048067	1.160158
1200	500	1.122241	1.057455	1.195484
1900	700	1.112393	1.053074	1.178793
1700	1150	1.111920	1.052862	1.177998
1550	950	1.089648	1.042888	1.140798
1300	500	1.122887	1.057742	1.196583
1450	100	1.123814	1.058155	1.198161
1750	500	1.115904	1.054639	1.184726
1450	400	1.120998	1.056902	1.193370
2450	500	1.102408	1.048584	1.162055
2450	1650	1.093071	1.044351	1.146559
1300	1150	1.115233	1.054340	1.183590
1850	1250	1.106482	1.050421	1.168864
2500	1500	1.095582	1.045491	1.150715
1450	1300	1.113403	1.053524	1.180499
2250	800	1.102737	1.048735	1.162603
700	200	1.123712	1.058105	1.197994
2100	1850	1.096494	1.045910	1.152220
2350	0	1.101535	1.048187	1.160603
2500	1300	1.097268	1.046259	1.153505
2600	700	1.096701	1.045998	1.152571
2250	1700	1.097354	1.046298	1.153648
1000	300	1.125748	1.059007	1.201467
2100	1250	1.104152	1.049374	1.164965
1650	750	1.114689	1.054095	1.182673
1550	1100	1.113954	1.053773	1.181426
1600	1200	1.112379	1.053063	1.178775
2200	1100	1.102406	1.048585	1.162052
1750	1500	1.107867	1.051042	1.171189
2050	1050	1.105063	1.049782	1.166490
2150	1350	1.102028	1.048413	1.161422
650	450	1.120382	1.056631	1.192321
1050	600	1.123314	1.057931	1.197312
1750	1250	1.108536	1.051344	1.172309
1200	650	1.122484	1.057562	1.195898
850	450	1.124676	1.058533	1.199635
850	600	1.123640	1.058075	1.197868
2100	200	1.106437	1.050398	1.168793
1700	300	1.115693	1.054549	1.184363
1650	700	1.117478	1.055340	1.187391
2550	700	1.098969	1.047027	1.156333
800	675	1.123386	1.057963	1.197434
1600	200	1.118310	1.055711	1.188802
1150	600	1.122647	1.057633	1.196178
1100	0	1.124698	1.058543	1.199672
2350	1100	1.099490	1.047262	1.157201
1200	1000	1.119595	1.056283	1.190980
1400	1050	1.116165	1.054759	1.185163
1950	950	1.106770	1.050549	1.169349
2400	1800	1.093034	1.044333	1.146498
1400	750	1.120561	1.056713	1.192621
2100	700	1.107750	1.050988	1.170993
2350	1800	1.094261	1.044893	1.148526
2150	1100	1.103472	1.049065	1.163831
1850	1350	1.105411	1.049939	1.167071
2550	1600	1.092888	1.044263	1.146261
1800	900	1.111741	1.052777	1.177701
2400	200	1.101850	1.048331	1.161127
2350	400	1.101367	1.048114	1.160322
1150	750	1.121039	1.056924	1.193436
2000	1050	1.106323	1.050350	1.168597
2300	400	1.103849	1.049234	1.164461
1800	0	1.112894	1.053296	1.179641
1250	500	1.123022	1.057800	1.196815
800	300	1.125787	1.059024	1.201535
2450	1200	1.099104	1.047089	1.156557
2100	1100	1.103549	1.049097	1.163962
1700	1250	1.109193	1.051640	1.173410
1000	500	1.124971	1.058663	1.200139
1150	1025	1.119298	1.056151	1.190475
1050	750	1.121223	1.057004	1.193751
1800	1250	1.109220	1.051650	1.173458
1900	1400	1.104908	1.049714	1.166229
2300	1750	1.095128	1.045285	1.149963
2150	800	1.103715	1.049174	1.164237
2150	400	1.105832	1.050129	1.167776
1150	700	1.122341	1.057502	1.195651
1800	950	1.112351	1.053051	1.178728
2300	1200	1.099674	1.047350	1.157500
2250	1750	1.096892	1.046087	1.152883
2150	600	1.106307	1.050341	1.168573
2600	900	1.096236	1.045789	1.151797
2050	400	1.109238	1.051657	1.173491
2000	1450	1.101809	1.048313	1.161059
2050	1000	1.108510	1.051333	1.172265
1750	1050	1.109845	1.051928	1.174510
2050	1300	1.102147	1.048465	1.161623
1300	650	1.120748	1.056794	1.192941
2050	1750	1.099431	1.047236	1.157102
650	500	1.120788	1.056810	1.193013
2200	300	1.105672	1.050054	1.167510
1100	400	1.125161	1.058747	1.200464
1650	1000	1.113463	1.053551	1.180601
850	725	1.122925	1.057759	1.196647
1800	1050	1.110669	1.052301	1.175892
700	300	1.123073	1.057823	1.196901
1800	400	1.116055	1.054705	1.184983
1550	1400	1.110180	1.052081	1.175072
2050	1850	1.096061	1.045710	1.151506
900	300	1.126829	1.059483	1.203318
1350	300	1.123524	1.058024	1.197669
2200	800	1.104251	1.049414	1.165136
1250	1050	1.117885	1.055523	1.188080
1650	950	1.113216	1.053440	1.180183
1550	650	1.118600	1.055839	1.189294
2400	900	1.099669	1.047345	1.157495
2150	700	1.104809	1.049668	1.166066
1700	600	1.114954	1.054218	1.183116
1000	650	1.123504	1.058016	1.197634
1700	1550	1.106883	1.050601	1.169536
2300	700	1.104840	1.049682	1.166117
2000	400	1.109418	1.051741	1.173789
2450	1500	1.096003	1.045681	1.151414
700	0	1.124404	1.058411	1.199175
1400	950	1.116826	1.055051	1.186286
1350	1200	1.115787	1.054591	1.184524
750	400	1.124293	1.058362	1.198983
2550	1550	1.092617	1.044144	1.145810
1550	700	1.117835	1.055500	1.187996
1200	400	1.123548	1.058036	1.197709
2300	1400	1.098738	1.046925	1.155946
2400	1000	1.099548	1.047290	1.157295
1850	1600	1.104519	1.049537	1.165580
1750	950	1.113929	1.053757	1.181389
2550	1850	1.090698	1.043266	1.142647
2050	1450	1.102820	1.048771	1.162742
1850	1000	1.109604	1.051823	1.174103
1700	1100	1.111908	1.052855	1.177980
2050	1900	1.097499	1.046366	1.153887
1850	1450	1.107905	1.051059	1.171251
1100	950	1.120488	1.056680	1.192499
2450	1450	1.096455	1.045887	1.152162
1100	500	1.123738	1.058118	1.198036
2250	1450	1.098536	1.046831	1.155614
2450	700	1.099355	1.047199	1.156977
2200	1200	1.101056	1.047973	1.159804
1700	750	1.113169	1.053420	1.180103
1250	0	1.124884	1.058625	1.199992
2550	1800	1.092340	1.044016	1.145355
1250	600	1.121272	1.057026	1.193834
1500	1050	1.116132	1.054741	1.185112
2000	1875	1.099252	1.047159	1.156799
1450	450	1.121853	1.057284	1.194821
2400	1750	1.094033	1.044791	1.148147
1300	1100	1.115071	1.054269	1.183316
2400	1850	1.093080	1.044355	1.146573
2450	1400	1.095479	1.045447	1.150541
1350	550	1.122346	1.057501	1.195664
900	750	1.122452	1.057549	1.195842
2300	0	1.104425	1.049492	1.165426
2350	1200	1.098244	1.046697	1.155130
1550	100	1.119025	1.056027	1.190015
1000	550	1.124173	1.058311	1.198776
2600	1700	1.092458	1.044071	1.145548
700	550	1.121149	1.056970	1.193626
1700	1450	1.107723	1.050979	1.170943
2000	1800	1.099954	1.047475	1.157968
1900	1600	1.102307	1.048541	1.161884
2200	1350	1.099317	1.047187	1.156910
1800	1500	1.104871	1.049693	1.166172
2450	900	1.099137	1.047103	1.156614
1550	600	1.118050	1.055596	1.188358
2400	1900	1.092248	1.043977	1.145199
1800	1400	1.104550	1.049552	1.165631
2150	300	1.106024	1.050209	1.168104
1250	750	1.120499	1.056681	1.192521
850	500	1.124132	1.058292	1.198708
850	650	1.174835	1.079995	1.287937
2100	800	1.106932	1.050623	1.169619
1850	1550	1.103938	1.049274	1.164612
2400	700	1.101041	1.047967	1.159778
1850	500	1.113207	1.053436	1.180169
1800	1150	1.108483	1.051320	1.172220
1050	800	1.121595	1.057169	1.194383
1850	950	1.108181	1.051183	1.171715
2550	600	1.099850	1.047428	1.157795
1750	1600	1.106946	1.050631	1.169640
2300	1300	1.099201	1.047133	1.156718
1900	500	1.111290	1.052579	1.176939
750	600	1.122425	1.057536	1.195798
1750	800	1.113871	1.053732	1.181290
1800	850	1.111636	1.052729	1.177526
2350	1350	1.098104	1.046636	1.154895
2300	100	1.103935	1.049272	1.164607
1400	700	1.120173	1.056539	1.191963
1200	200	1.124784	1.058581	1.199820
2500	1400	1.096504	1.045913	1.152238
1600	850	1.115809	1.054598	1.184563
900	400	1.125014	1.058682	1.200213
1350	500	1.122913	1.057752	1.196630
1800	600	1.113752	1.053683	1.181084
2000	500	1.109419	1.051738	1.173795
2200	1750	1.096892	1.046089	1.152881
2350	600	1.102535	1.048643	1.162268
1800	500	1.113259	1.053458	1.180258
1450	700	1.119030	1.056031	1.190023
1950	1600	1.102125	1.048457	1.161585
1450	1000	1.117210	1.055220	1.186936
1300	1175	1.116762	1.055023	1.186175
1500	100	1.120019	1.056470	1.191703
1300	950	1.117947	1.055548	1.188187
1750	1100	1.112257	1.053013	1.178565
1500	1000	1.113762	1.053686	1.181104
2500	1650	1.095516	1.045465	1.150601
1100	650	1.123426	1.057980	1.197504
1650	650	1.115581	1.054497	1.184176
2600	1500	1.093484	1.044537	1.147242
1100	200	1.126038	1.059135	1.201964
1350	900	1.119409	1.056201	1.190664
2300	1700	1.095871	1.045626	1.151189
2500	200	1.099356	1.047201	1.156977
2250	1000	1.101240	1.048058	1.160109
2450	600	1.100746	1.047834	1.159286
1950	1150	1.106267	1.050325	1.168504
2500	700	1.099048	1.047064	1.156463
2600	600	1.099802	1.047405	1.157717
1750	900	1.113548	1.053587	1.180745
2300	500	1.104948	1.049727	1.166301
2500	1750	1.092335	1.044013	1.145347
2150	1900	1.096689	1.045996	1.152545
2050	600	1.109605	1.051823	1.174105
2200	1650	1.098391	1.046767	1.155371
1650	1050	1.110862	1.052388	1.176215
1400	850	1.119249	1.056125	1.190399
1350	100	1.120845	1.056837	1.193106
2250	1850	1.094720	1.045100	1.149286
1750	100	1.114662	1.054081	1.182630
2550	1500	1.095489	1.045447	1.150562
1300	0	1.122073	1.057381	1.195197
2300	1550	1.098788	1.046947	1.156032
1950	300	1.109734	1.051880	1.174322
2500	1900	1.092635	1.044151	1.145841
1950	1200	1.106107	1.050251	1.168237
1800	700	1.110963	1.052428	1.176393
2200	1800	1.096699	1.045998	1.152565
1650	200	1.116685	1.054988	1.186047
1400	100	1.120905	1.056862	1.193210
1400	500	1.120607	1.056731	1.192703
1800	1675	1.103327	1.049004	1.163583
2600	100	1.097109	1.046188	1.153240
900	100	1.126144	1.059182	1.202145
900	550	1.125160	1.058746	1.200463
2550	0	1.098432	1.046784	1.155442
1250	1000	1.118904	1.055975	1.189809
2000	1000	1.106515	1.050434	1.168922
1150	1000	1.120273	1.056586	1.192131
2250	1900	1.093965	1.044757	1.148038
2600	1750	1.093385	1.044492	1.147080
2200	1400	1.100411	1.047679	1.158733
1800	1650	1.103668	1.049155	1.164157
2350	1500	1.097182	1.046219	1.153365
2350	1550	1.097117	1.046190	1.153255
1850	1200	1.107524	1.050887	1.170615
1700	500	1.114760	1.054133	1.182788
1100	700	1.122657	1.057639	1.196192
950	800	1.122467	1.057556	1.195866
2100	1750	1.097897	1.046546	1.154547
2600	1600	1.093683	1.044630	1.147571
800	0	1.126237	1.059221	1.202305
1100	750	1.121164	1.056978	1.193648
2200	200	1.102739	1.048730	1.162612
2250	600	1.102583	1.048663	1.162348
2400	1450	1.097504	1.046367	1.153896
1850	0	1.112862	1.053278	1.179591
2000	100	1.108652	1.051397	1.172502
1400	900	1.117527	1.055363	1.187472
1900	950	1.108938	1.051524	1.172983
2050	0	1.107358	1.050814	1.170332
2200	500	1.106331	1.050350	1.168616
2050	300	1.107730	1.050982	1.170957
2450	1600	1.095097	1.045269	1.149913
1400	300	1.121630	1.057184	1.194444
2100	1650	1.099437	1.047241	1.157109
