#mGo	mLSP	Total	TotGenW	Counts	genWeight
1800	200	30642206	30642206.000	13122	13122.000
600	200	30642206	30642206.000	314674	314674.000
1950	800	30642206	30642206.000	20319	20319.000
2300	900	30642206	30642206.000	12797	12797.000
2500	1200	30642206	30642206.000	15907	15907.000
1150	450	30642206	30642206.000	79486	79486.000
2300	200	30642206	30642206.000	16541	16541.000
2250	300	30642206	30642206.000	15755	15755.000
2250	1100	30642206	30642206.000	18165	18165.000
1300	700	30642206	30642206.000	32101	32101.000
1250	300	30642206	30642206.000	34491	34491.000
1600	100	30642206	30642206.000	15333	15333.000
1050	400	30642206	30642206.000	119332	119332.000
2000	700	30642206	30642206.000	18343	18343.000
1200	850	30642206	30642206.000	56675	56675.000
2100	400	30642206	30642206.000	14354	14354.000
2550	500	30642206	30642206.000	13199	13199.000
2300	1900	30642206	30642206.000	16621	16621.000
2050	1600	30642206	30642206.000	15949	15949.000
2100	1300	30642206	30642206.000	12529	12529.000
2200	1450	30642206	30642206.000	18316	18316.000
1900	1700	30642206	30642206.000	17076	17076.000
1450	500	30642206	30642206.000	19880	19880.000
1450	800	30642206	30642206.000	16599	16599.000
2000	1100	30642206	30642206.000	13009	13009.000
1300	750	30642206	30642206.000	28769	28769.000
1850	850	30642206	30642206.000	16685	16685.000
1800	1300	30642206	30642206.000	13326	13326.000
2400	800	30642206	30642206.000	14308	14308.000
1100	800	30642206	30642206.000	106340	106340.000
1900	1050	30642206	30642206.000	17712	17712.000
1000	800	30642206	30642206.000	133556	133556.000
1850	700	30642206	30642206.000	16280	16280.000
1300	800	30642206	30642206.000	32592	32592.000
2600	1400	30642206	30642206.000	16208	16208.000
2100	1350	30642206	30642206.000	18863	18863.000
1650	1150	30642206	30642206.000	14346	14346.000
2550	400	30642206	30642206.000	12511	12511.000
1950	1400	30642206	30642206.000	17667	17667.000
1500	600	30642206	30642206.000	15153	15153.000
1600	950	30642206	30642206.000	16894	16894.000
1900	1775	30642206	30642206.000	13432	13432.000
2300	1100	30642206	30642206.000	17804	17804.000
1500	1200	30642206	30642206.000	15320	15320.000
1700	850	30642206	30642206.000	16961	16961.000
2200	1300	30642206	30642206.000	16415	16415.000
2000	200	30642206	30642206.000	17113	17113.000
2100	1150	30642206	30642206.000	17295	17295.000
1550	550	30642206	30642206.000	16657	16657.000
1650	1350	30642206	30642206.000	19138	19138.000
850	700	30642206	30642206.000	126532	126532.000
900	600	30642206	30642206.000	128524	128524.000
1300	850	30642206	30642206.000	35773	35773.000
1050	550	30642206	30642206.000	131542	131542.000
1300	550	30642206	30642206.000	33610	33610.000
2000	1350	30642206	30642206.000	16493	16493.000
700	575	30642206	30642206.000	117763	117763.000
700	100	30642206	30642206.000	126739	126739.000
2250	1550	30642206	30642206.000	16440	16440.000
2250	1250	30642206	30642206.000	13590	13590.000
1550	900	30642206	30642206.000	15404	15404.000
2300	1600	30642206	30642206.000	16476	16476.000
2500	1550	30642206	30642206.000	17015	17015.000
2350	1400	30642206	30642206.000	15575	15575.000
2100	1600	30642206	30642206.000	15647	15647.000
1500	1250	30642206	30642206.000	17199	17199.000
2500	1100	30642206	30642206.000	16401	16401.000
1400	1250	30642206	30642206.000	16888	16888.000
1200	1075	30642206	30642206.000	56241	56241.000
2200	1700	30642206	30642206.000	18230	18230.000
1400	650	30642206	30642206.000	17115	17115.000
1100	450	30642206	30642206.000	112765	112765.000
1950	1825	30642206	30642206.000	14184	14184.000
2300	300	30642206	30642206.000	17239	17239.000
2600	1200	30642206	30642206.000	18568	18568.000
2150	1500	30642206	30642206.000	16367	16367.000
1800	800	30642206	30642206.000	18054	18054.000
1550	1000	30642206	30642206.000	19549	19549.000
2550	900	30642206	30642206.000	15683	15683.000
1150	650	30642206	30642206.000	83430	83430.000
800	650	30642206	30642206.000	118221	118221.000
1450	1050	30642206	30642206.000	14548	14548.000
1950	100	30642206	30642206.000	16666	16666.000
800	200	30642206	30642206.000	128290	128290.000
1250	100	30642206	30642206.000	46269	46269.000
2050	1350	30642206	30642206.000	16881	16881.000
1300	300	30642206	30642206.000	30434	30434.000
1700	900	30642206	30642206.000	16058	16058.000
1900	1350	30642206	30642206.000	11278	11278.000
2150	1200	30642206	30642206.000	13548	13548.000
1200	700	30642206	30642206.000	60061	60061.000
2600	0	30642206	30642206.000	12972	12972.000
2200	1000	30642206	30642206.000	17004	17004.000
2600	1300	30642206	30642206.000	15367	15367.000
1350	950	30642206	30642206.000	24801	24801.000
2050	1200	30642206	30642206.000	16011	16011.000
2250	1650	30642206	30642206.000	16298	16298.000
2100	900	30642206	30642206.000	16565	16565.000
1600	1050	30642206	30642206.000	18741	18741.000
1200	900	30642206	30642206.000	55589	55589.000
2400	1550	30642206	30642206.000	19379	19379.000
1850	1725	30642206	30642206.000	15213	15213.000
2050	500	30642206	30642206.000	17437	17437.000
1600	300	30642206	30642206.000	15448	15448.000
1550	800	30642206	30642206.000	15488	15488.000
1600	900	30642206	30642206.000	15846	15846.000
2050	1400	30642206	30642206.000	19598	19598.000
2100	1200	30642206	30642206.000	15008	15008.000
1650	500	30642206	30642206.000	17253	17253.000
900	500	30642206	30642206.000	124871	124871.000
2450	0	30642206	30642206.000	16431	16431.000
1600	600	30642206	30642206.000	15770	15770.000
2150	200	30642206	30642206.000	14698	14698.000
1650	1400	30642206	30642206.000	17756	17756.000
1850	100	30642206	30642206.000	16002	16002.000
1900	1200	30642206	30642206.000	16223	16223.000
1950	700	30642206	30642206.000	17733	17733.000
1350	450	30642206	30642206.000	22747	22747.000
1550	1300	30642206	30642206.000	17635	17635.000
2350	1750	30642206	30642206.000	15030	15030.000
1650	1100	30642206	30642206.000	17203	17203.000
1900	1250	30642206	30642206.000	15187	15187.000
1300	600	30642206	30642206.000	32733	32733.000
1250	200	30642206	30642206.000	47760	47760.000
600	400	30642206	30642206.000	319309	319309.000
2200	100	30642206	30642206.000	15498	15498.000
2000	1750	30642206	30642206.000	21831	21831.000
1950	1450	30642206	30642206.000	18208	18208.000
2100	1800	30642206	30642206.000	15437	15437.000
1150	500	30642206	30642206.000	81816	81816.000
2450	1000	30642206	30642206.000	15596	15596.000
2500	0	30642206	30642206.000	16218	16218.000
1350	400	30642206	30642206.000	25954	25954.000
1150	400	30642206	30642206.000	81223	81223.000
2150	1700	30642206	30642206.000	20257	20257.000
750	625	30642206	30642206.000	126477	126477.000
1000	600	30642206	30642206.000	130381	130381.000
1050	500	30642206	30642206.000	126491	126491.000
2300	1450	30642206	30642206.000	19225	19225.000
2250	1400	30642206	30642206.000	15271	15271.000
1750	750	30642206	30642206.000	20482	20482.000
2050	800	30642206	30642206.000	19615	19615.000
600	450	30642206	30642206.000	313230	313230.000
2050	1250	30642206	30642206.000	15891	15891.000
1950	1650	30642206	30642206.000	18051	18051.000
1250	1125	30642206	30642206.000	41438	41438.000
2050	1700	30642206	30642206.000	18459	18459.000
2150	1600	30642206	30642206.000	16584	16584.000
1850	600	30642206	30642206.000	18578	18578.000
950	825	30642206	30642206.000	135328	135328.000
1600	800	30642206	30642206.000	16903	16903.000
1250	700	30642206	30642206.000	39681	39681.000
1850	1050	30642206	30642206.000	16562	16562.000
950	750	30642206	30642206.000	126729	126729.000
1900	1150	30642206	30642206.000	17489	17489.000
2300	800	30642206	30642206.000	12054	12054.000
1550	500	30642206	30642206.000	14035	14035.000
750	450	30642206	30642206.000	122772	122772.000
1850	1700	30642206	30642206.000	15862	15862.000
2600	1800	30642206	30642206.000	20437	20437.000
1500	850	30642206	30642206.000	15622	15622.000
2000	1250	30642206	30642206.000	18975	18975.000
1500	1150	30642206	30642206.000	16133	16133.000
2150	900	30642206	30642206.000	18103	18103.000
1450	550	30642206	30642206.000	19889	19889.000
1350	0	30642206	30642206.000	23773	23773.000
1450	850	30642206	30642206.000	18020	18020.000
1550	0	30642206	30642206.000	17625	17625.000
2000	0	30642206	30642206.000	20780	20780.000
1600	1475	30642206	30642206.000	18199	18199.000
1300	100	30642206	30642206.000	30088	30088.000
1650	1525	30642206	30642206.000	17401	17401.000
1850	1300	30642206	30642206.000	14430	14430.000
1000	400	30642206	30642206.000	129269	129269.000
1900	1550	30642206	30642206.000	18450	18450.000
2350	1900	30642206	30642206.000	18555	18555.000
2400	1400	30642206	30642206.000	18010	18010.000
2250	400	30642206	30642206.000	20573	20573.000
1600	650	30642206	30642206.000	18885	18885.000
2150	1450	30642206	30642206.000	15251	15251.000
2150	500	30642206	30642206.000	11299	11299.000
2000	1650	30642206	30642206.000	17800	17800.000
2200	1550	30642206	30642206.000	17040	17040.000
2550	1650	30642206	30642206.000	15822	15822.000
2450	300	30642206	30642206.000	17866	17866.000
2250	1300	30642206	30642206.000	15860	15860.000
1700	1400	30642206	30642206.000	14945	14945.000
2600	500	30642206	30642206.000	17998	17998.000
1700	1575	30642206	30642206.000	17120	17120.000
2000	1850	30642206	30642206.000	16082	16082.000
1700	1350	30642206	30642206.000	14543	14543.000
900	200	30642206	30642206.000	124017	124017.000
650	525	30642206	30642206.000	190779	190779.000
2400	100	30642206	30642206.000	15441	15441.000
1950	1750	30642206	30642206.000	16927	16927.000
1050	900	30642206	30642206.000	120809	120809.000
1250	450	30642206	30642206.000	45130	45130.000
2400	1650	30642206	30642206.000	17968	17968.000
2450	200	30642206	30642206.000	11613	11613.000
950	650	30642206	30642206.000	120518	120518.000
2500	500	30642206	30642206.000	16724	16724.000
2150	1000	30642206	30642206.000	13181	13181.000
1750	1300	30642206	30642206.000	17868	17868.000
1550	400	30642206	30642206.000	18271	18271.000
700	400	30642206	30642206.000	126983	126983.000
1400	1200	30642206	30642206.000	17909	17909.000
1050	700	30642206	30642206.000	131400	131400.000
1950	600	30642206	30642206.000	16036	16036.000
1400	600	30642206	30642206.000	21208	21208.000
1900	1450	30642206	30642206.000	18571	18571.000
1000	100	30642206	30642206.000	128013	128013.000
2000	300	30642206	30642206.000	17769	17769.000
2350	1000	30642206	30642206.000	17214	17214.000
1350	750	30642206	30642206.000	22184	22184.000
1450	200	30642206	30642206.000	18363	18363.000
1600	0	30642206	30642206.000	17389	17389.000
2000	900	30642206	30642206.000	17861	17861.000
2200	1500	30642206	30642206.000	13447	13447.000
800	600	30642206	30642206.000	130556	130556.000
1450	1100	30642206	30642206.000	19357	19357.000
1500	200	30642206	30642206.000	14820	14820.000
700	450	30642206	30642206.000	127840	127840.000
1250	950	30642206	30642206.000	43555	43555.000
2250	500	30642206	30642206.000	16593	16593.000
1500	800	30642206	30642206.000	19438	19438.000
1500	550	30642206	30642206.000	16472	16472.000
1500	1100	30642206	30642206.000	15313	15313.000
1950	1350	30642206	30642206.000	14122	14122.000
2150	1850	30642206	30642206.000	17307	17307.000
1950	1050	30642206	30642206.000	14766	14766.000
1150	800	30642206	30642206.000	92333	92333.000
1800	1100	30642206	30642206.000	14317	14317.000
1350	700	30642206	30642206.000	25713	25713.000
1650	1250	30642206	30642206.000	16312	16312.000
2450	100	30642206	30642206.000	15900	15900.000
1100	600	30642206	30642206.000	119374	119374.000
1500	500	30642206	30642206.000	15545	15545.000
1600	1150	30642206	30642206.000	16129	16129.000
1150	550	30642206	30642206.000	79842	79842.000
2450	800	30642206	30642206.000	17817	17817.000
1400	1100	30642206	30642206.000	17652	17652.000
2500	800	30642206	30642206.000	15503	15503.000
1200	550	30642206	30642206.000	64865	64865.000
2300	1500	30642206	30642206.000	13731	13731.000
2050	700	30642206	30642206.000	17983	17983.000
2400	500	30642206	30642206.000	14094	14094.000
1950	1300	30642206	30642206.000	18050	18050.000
1000	875	30642206	30642206.000	126951	126951.000
2050	1150	30642206	30642206.000	16133	16133.000
1550	300	30642206	30642206.000	17361	17361.000
1600	400	30642206	30642206.000	14664	14664.000
1950	400	30642206	30642206.000	19349	19349.000
1000	700	30642206	30642206.000	130651	130651.000
1350	1100	30642206	30642206.000	22915	22915.000
1800	1200	30642206	30642206.000	17863	17863.000
2400	1700	30642206	30642206.000	16691	16691.000
2100	1900	30642206	30642206.000	16040	16040.000
1350	200	30642206	30642206.000	24327	24327.000
1700	200	30642206	30642206.000	17867	17867.000
1650	600	30642206	30642206.000	16374	16374.000
1600	500	30642206	30642206.000	15019	15019.000
1200	450	30642206	30642206.000	60274	60274.000
2400	1100	30642206	30642206.000	19571	19571.000
1500	1300	30642206	30642206.000	14711	14711.000
1750	200	30642206	30642206.000	16867	16867.000
1950	500	30642206	30642206.000	15312	15312.000
1150	900	30642206	30642206.000	80709	80709.000
2500	300	30642206	30642206.000	19302	19302.000
2000	1400	30642206	30642206.000	19464	19464.000
900	0	30642206	30642206.000	119679	119679.000
1900	1750	30642206	30642206.000	15037	15037.000
1650	800	30642206	30642206.000	18245	18245.000
1550	1425	30642206	30642206.000	15738	15738.000
950	450	30642206	30642206.000	115480	115480.000
800	500	30642206	30642206.000	121720	121720.000
1850	800	30642206	30642206.000	18071	18071.000
2500	1850	30642206	30642206.000	17682	17682.000
1000	200	30642206	30642206.000	119645	119645.000
1000	850	30642206	30642206.000	128089	128089.000
2450	1800	30642206	30642206.000	16485	16485.000
750	500	30642206	30642206.000	118824	118824.000
1400	800	30642206	30642206.000	18828	18828.000
1750	1550	30642206	30642206.000	14122	14122.000
2050	100	30642206	30642206.000	19239	19239.000
2350	1700	30642206	30642206.000	16668	16668.000
1050	850	30642206	30642206.000	136360	136360.000
2250	200	30642206	30642206.000	18738	18738.000
2200	0	30642206	30642206.000	16167	16167.000
1950	0	30642206	30642206.000	13220	13220.000
1550	1150	30642206	30642206.000	15069	15069.000
1900	0	30642206	30642206.000	18841	18841.000
1950	1000	30642206	30642206.000	18862	18862.000
1850	1100	30642206	30642206.000	14928	14928.000
2450	400	30642206	30642206.000	17232	17232.000
2600	1000	30642206	30642206.000	18665	18665.000
2600	1650	30642206	30642206.000	17464	17464.000
2150	100	30642206	30642206.000	17827	17827.000
1150	850	30642206	30642206.000	87586	87586.000
2400	1200	30642206	30642206.000	17251	17251.000
2300	1650	30642206	30642206.000	20887	20887.000
1350	850	30642206	30642206.000	23797	23797.000
1950	1550	30642206	30642206.000	18720	18720.000
1750	300	30642206	30642206.000	18454	18454.000
2100	500	30642206	30642206.000	17546	17546.000
1600	1100	30642206	30642206.000	15865	15865.000
1900	1650	30642206	30642206.000	16851	16851.000
2000	1200	30642206	30642206.000	16317	16317.000
1450	0	30642206	30642206.000	20511	20511.000
2550	100	30642206	30642206.000	13164	13164.000
2100	0	30642206	30642206.000	15637	15637.000
1850	1650	30642206	30642206.000	18316	18316.000
2400	1600	30642206	30642206.000	13627	13627.000
1450	900	30642206	30642206.000	17514	17514.000
1900	1100	30642206	30642206.000	17187	17187.000
1450	1200	30642206	30642206.000	18158	18158.000
1100	300	30642206	30642206.000	113137	113137.000
1350	800	30642206	30642206.000	23201	23201.000
2350	1850	30642206	30642206.000	17211	17211.000
2350	300	30642206	30642206.000	18451	18451.000
1900	100	30642206	30642206.000	18071	18071.000
1850	900	30642206	30642206.000	16011	16011.000
2450	1550	30642206	30642206.000	19420	19420.000
2350	1300	30642206	30642206.000	12972	12972.000
1550	1250	30642206	30642206.000	14833	14833.000
1850	300	30642206	30642206.000	16668	16668.000
1300	400	30642206	30642206.000	32557	32557.000
1350	1225	30642206	30642206.000	22194	22194.000
2150	1650	30642206	30642206.000	17569	17569.000
2250	900	30642206	30642206.000	19609	19609.000
1500	400	30642206	30642206.000	17536	17536.000
1800	300	30642206	30642206.000	16027	16027.000
1500	700	30642206	30642206.000	18710	18710.000
2550	800	30642206	30642206.000	18689	18689.000
1150	950	30642206	30642206.000	81670	81670.000
1550	1050	30642206	30642206.000	15929	15929.000
1750	1000	30642206	30642206.000	20206	20206.000
1650	850	30642206	30642206.000	20223	20223.000
900	450	30642206	30642206.000	123507	123507.000
2000	600	30642206	30642206.000	21150	21150.000
1200	300	30642206	30642206.000	58265	58265.000
900	700	30642206	30642206.000	123289	123289.000
1250	850	30642206	30642206.000	41225	41225.000
2550	200	30642206	30642206.000	14066	14066.000
1300	450	30642206	30642206.000	31632	31632.000
1250	900	30642206	30642206.000	42501	42501.000
1650	1200	30642206	30642206.000	16104	16104.000
2200	1600	30642206	30642206.000	18646	18646.000
1500	750	30642206	30642206.000	16082	16082.000
1500	650	30642206	30642206.000	16403	16403.000
2100	1700	30642206	30642206.000	15444	15444.000
1500	1350	30642206	30642206.000	13761	13761.000
2200	1900	30642206	30642206.000	13113	13113.000
1400	1150	30642206	30642206.000	17954	17954.000
2450	1750	30642206	30642206.000	18930	18930.000
2350	700	30642206	30642206.000	15384	15384.000
2100	600	30642206	30642206.000	17694	17694.000
1400	550	30642206	30642206.000	19591	19591.000
2100	1000	30642206	30642206.000	20449	20449.000
2500	600	30642206	30642206.000	16449	16449.000
750	550	30642206	30642206.000	123245	123245.000
1100	850	30642206	30642206.000	114047	114047.000
1850	1150	30642206	30642206.000	17792	17792.000
2150	1750	30642206	30642206.000	17462	17462.000
2350	500	30642206	30642206.000	15493	15493.000
2500	400	30642206	30642206.000	16125	16125.000
2500	900	30642206	30642206.000	14418	14418.000
1450	1150	30642206	30642206.000	16926	16926.000
1650	400	30642206	30642206.000	17357	17357.000
2200	400	30642206	30642206.000	18918	18918.000
2450	1700	30642206	30642206.000	18028	18028.000
2400	600	30642206	30642206.000	14971	14971.000
600	100	30642206	30642206.000	317613	317613.000
1750	850	30642206	30642206.000	18047	18047.000
1200	1050	30642206	30642206.000	59781	59781.000
1900	400	30642206	30642206.000	14503	14503.000
1800	1350	30642206	30642206.000	15408	15408.000
2500	1700	30642206	30642206.000	13761	13761.000
2100	300	30642206	30642206.000	16765	16765.000
2400	0	30642206	30642206.000	14177	14177.000
1550	850	30642206	30642206.000	19578	19578.000
1600	1400	30642206	30642206.000	17416	17416.000
1650	900	30642206	30642206.000	16190	16190.000
1200	800	30642206	30642206.000	55646	55646.000
1950	900	30642206	30642206.000	16006	16006.000
2600	1900	30642206	30642206.000	17738	17738.000
2300	1850	30642206	30642206.000	14746	14746.000
1350	1050	30642206	30642206.000	27799	27799.000
1750	1150	30642206	30642206.000	17223	17223.000
1300	1050	30642206	30642206.000	32857	32857.000
1750	1450	30642206	30642206.000	16663	16663.000
2050	1500	30642206	30642206.000	15610	15610.000
1600	1350	30642206	30642206.000	20788	20788.000
2550	300	30642206	30642206.000	18606	18606.000
1600	1300	30642206	30642206.000	16617	16617.000
2150	0	30642206	30642206.000	22333	22333.000
1350	1150	30642206	30642206.000	25594	25594.000
2600	800	30642206	30642206.000	17338	17338.000
2500	1800	30642206	30642206.000	19117	19117.000
1100	900	30642206	30642206.000	107577	107577.000
2200	900	30642206	30642206.000	16221	16221.000
950	700	30642206	30642206.000	126675	126675.000
2400	1500	30642206	30642206.000	17348	17348.000
1350	1000	30642206	30642206.000	24435	24435.000
1200	100	30642206	30642206.000	61096	61096.000
1900	300	30642206	30642206.000	15510	15510.000
1800	1450	30642206	30642206.000	13955	13955.000
700	500	30642206	30642206.000	128632	128632.000
2550	1750	30642206	30642206.000	18962	18962.000
1700	950	30642206	30642206.000	18926	18926.000
1300	200	30642206	30642206.000	34711	34711.000
2200	600	30642206	30642206.000	16538	16538.000
2000	1550	30642206	30642206.000	17931	17931.000
2300	1350	30642206	30642206.000	22420	22420.000
600	0	30642206	30642206.000	308687	308687.000
800	450	30642206	30642206.000	124940	124940.000
1650	1450	30642206	30642206.000	17981	17981.000
1750	0	30642206	30642206.000	17217	17217.000
1650	0	30642206	30642206.000	16815	16815.000
1100	975	30642206	30642206.000	109662	109662.000
1400	0	30642206	30642206.000	18624	18624.000
1000	450	30642206	30642206.000	131103	131103.000
2150	1300	30642206	30642206.000	15852	15852.000
1600	750	30642206	30642206.000	17225	17225.000
1400	1275	30642206	30642206.000	13433	13433.000
1350	650	30642206	30642206.000	25310	25310.000
1200	950	30642206	30642206.000	56448	56448.000
2100	1500	30642206	30642206.000	12597	12597.000
1400	450	30642206	30642206.000	18960	18960.000
1900	1000	30642206	30642206.000	19086	19086.000
2050	900	30642206	30642206.000	18966	18966.000
1850	1400	30642206	30642206.000	16848	16848.000
1950	1700	30642206	30642206.000	15257	15257.000
2550	1300	30642206	30642206.000	17073	17073.000
2050	1800	30642206	30642206.000	15845	15845.000
2500	100	30642206	30642206.000	15898	15898.000
1100	550	30642206	30642206.000	112334	112334.000
1700	1200	30642206	30642206.000	16690	16690.000
1850	200	30642206	30642206.000	17315	17315.000
1100	100	30642206	30642206.000	109381	109381.000
1350	600	30642206	30642206.000	27218	27218.000
950	550	30642206	30642206.000	125524	125524.000
1750	1200	30642206	30642206.000	19328	19328.000
2000	1150	30642206	30642206.000	19377	19377.000
2200	1850	30642206	30642206.000	17453	17453.000
1250	400	30642206	30642206.000	39238	39238.000
1900	1500	30642206	30642206.000	18801	18801.000
2550	1700	30642206	30642206.000	15182	15182.000
950	600	30642206	30642206.000	134052	134052.000
2200	700	30642206	30642206.000	17831	17831.000
1450	650	30642206	30642206.000	17080	17080.000
1500	950	30642206	30642206.000	16942	16942.000
2250	1500	30642206	30642206.000	19725	19725.000
1450	750	30642206	30642206.000	16005	16005.000
1250	1100	30642206	30642206.000	42154	42154.000
2350	1650	30642206	30642206.000	16558	16558.000
1450	950	30642206	30642206.000	16785	16785.000
1450	1250	30642206	30642206.000	17584	17584.000
2550	1100	30642206	30642206.000	15394	15394.000
900	650	30642206	30642206.000	131060	131060.000
2550	1000	30642206	30642206.000	16805	16805.000
2450	1900	30642206	30642206.000	18054	18054.000
2600	1100	30642206	30642206.000	18045	18045.000
2500	1600	30642206	30642206.000	15672	15672.000
2250	1200	30642206	30642206.000	13877	13877.000
2000	1300	30642206	30642206.000	17395	17395.000
1650	100	30642206	30642206.000	14760	14760.000
2550	1400	30642206	30642206.000	17929	17929.000
1050	450	30642206	30642206.000	122141	122141.000
2150	1250	30642206	30642206.000	18940	18940.000
2350	800	30642206	30642206.000	14496	14496.000
1550	750	30642206	30642206.000	18249	18249.000
2000	1500	30642206	30642206.000	17584	17584.000
1600	1250	30642206	30642206.000	16922	16922.000
950	500	30642206	30642206.000	124630	124630.000
1300	900	30642206	30642206.000	32353	32353.000
2350	1600	30642206	30642206.000	13483	13483.000
650	400	30642206	30642206.000	192352	192352.000
1900	600	30642206	30642206.000	16893	16893.000
2400	1300	30642206	30642206.000	15367	15367.000
1850	1500	30642206	30642206.000	18856	18856.000
1550	200	30642206	30642206.000	17365	17365.000
850	400	30642206	30642206.000	135881	135881.000
850	550	30642206	30642206.000	120343	120343.000
2050	1650	30642206	30642206.000	19772	19772.000
1650	1500	30642206	30642206.000	12729	12729.000
1300	1000	30642206	30642206.000	32511	32511.000
2100	100	30642206	30642206.000	17913	17913.000
1700	700	30642206	30642206.000	17508	17508.000
2250	100	30642206	30642206.000	18531	18531.000
2600	1850	30642206	30642206.000	18376	18376.000
1750	1350	30642206	30642206.000	18594	18594.000
1950	1800	30642206	30642206.000	14072	14072.000
1550	1350	30642206	30642206.000	16677	16677.000
1250	550	30642206	30642206.000	44783	44783.000
1900	1300	30642206	30642206.000	17405	17405.000
600	300	30642206	30642206.000	304444	304444.000
1200	750	30642206	30642206.000	54254	54254.000
1700	400	30642206	30642206.000	18588	18588.000
1000	750	30642206	30642206.000	126196	126196.000
1400	200	30642206	30642206.000	15166	15166.000
2100	1400	30642206	30642206.000	16534	16534.000
2350	900	30642206	30642206.000	17380	17380.000
600	475	30642206	30642206.000	326571	326571.000
2450	1850	30642206	30642206.000	18202	18202.000
1450	300	30642206	30642206.000	15594	15594.000
1450	600	30642206	30642206.000	14278	14278.000
2400	400	30642206	30642206.000	12663	12663.000
1500	0	30642206	30642206.000	13649	13649.000
1500	300	30642206	30642206.000	15565	15565.000
1900	200	30642206	30642206.000	19879	19879.000
2250	700	30642206	30642206.000	18982	18982.000
2050	200	30642206	30642206.000	16007	16007.000
1700	0	30642206	30642206.000	16425	16425.000
1500	1375	30642206	30642206.000	12921	12921.000
1500	900	30642206	30642206.000	17166	17166.000
1750	600	30642206	30642206.000	16602	16602.000
1800	1600	30642206	30642206.000	18362	18362.000
950	400	30642206	30642206.000	131087	131087.000
2100	1450	30642206	30642206.000	13236	13236.000
1800	1000	30642206	30642206.000	19517	19517.000
2150	1550	30642206	30642206.000	15183	15183.000
2150	1800	30642206	30642206.000	18196	18196.000
2600	400	30642206	30642206.000	16796	16796.000
1800	100	30642206	30642206.000	16919	16919.000
2250	1800	30642206	30642206.000	16162	16162.000
1700	1300	30642206	30642206.000	15562	15562.000
2450	1100	30642206	30642206.000	16008	16008.000
1900	900	30642206	30642206.000	19586	19586.000
2500	1000	30642206	30642206.000	17767	17767.000
2400	300	30642206	30642206.000	14910	14910.000
2550	1900	30642206	30642206.000	16570	16570.000
1000	0	30642206	30642206.000	135497	135497.000
1750	400	30642206	30642206.000	15498	15498.000
2100	1550	30642206	30642206.000	20615	20615.000
1650	1300	30642206	30642206.000	18444	18444.000
1950	1500	30642206	30642206.000	16032	16032.000
1200	0	30642206	30642206.000	51266	51266.000
2450	1300	30642206	30642206.000	16247	16247.000
1050	650	30642206	30642206.000	130289	130289.000
2250	0	30642206	30642206.000	17509	17509.000
2600	200	30642206	30642206.000	14422	14422.000
1200	600	30642206	30642206.000	52301	52301.000
2150	1150	30642206	30642206.000	12236	12236.000
2150	1400	30642206	30642206.000	13524	13524.000
2300	600	30642206	30642206.000	16849	16849.000
900	775	30642206	30642206.000	124939	124939.000
2350	100	30642206	30642206.000	15087	15087.000
1700	1050	30642206	30642206.000	19731	19731.000
2350	1450	30642206	30642206.000	15595	15595.000
1750	700	30642206	30642206.000	18014	18014.000
1700	1500	30642206	30642206.000	15368	15368.000
1650	300	30642206	30642206.000	18231	18231.000
1900	800	30642206	30642206.000	13458	13458.000
1050	925	30642206	30642206.000	130217	130217.000
1700	100	30642206	30642206.000	16879	16879.000
2300	1800	30642206	30642206.000	14244	14244.000
1250	650	30642206	30642206.000	43720	43720.000
800	550	30642206	30642206.000	125658	125658.000
800	400	30642206	30642206.000	121512	121512.000
1600	1450	30642206	30642206.000	18253	18253.000
800	100	30642206	30642206.000	122104	122104.000
1850	400	30642206	30642206.000	15433	15433.000
1600	1000	30642206	30642206.000	18323	18323.000
1600	700	30642206	30642206.000	19209	19209.000
1950	1100	30642206	30642206.000	18775	18775.000
1400	1000	30642206	30642206.000	19284	19284.000
1550	1200	30642206	30642206.000	16561	16561.000
1800	1550	30642206	30642206.000	13464	13464.000
1450	1325	30642206	30642206.000	20036	20036.000
1400	400	30642206	30642206.000	15858	15858.000
1950	1250	30642206	30642206.000	18208	18208.000
1950	200	30642206	30642206.000	18855	18855.000
2300	1000	30642206	30642206.000	18949	18949.000
2000	800	30642206	30642206.000	20490	20490.000
2050	1100	30642206	30642206.000	18488	18488.000
2250	1600	30642206	30642206.000	15620	15620.000
2050	1550	30642206	30642206.000	16950	16950.000
2250	1350	30642206	30642206.000	15165	15165.000
2350	200	30642206	30642206.000	15541	15541.000
1700	800	30642206	30642206.000	17372	17372.000
1750	1625	30642206	30642206.000	17152	17152.000
1750	1400	30642206	30642206.000	15884	15884.000
2000	1700	30642206	30642206.000	13417	13417.000
2600	300	30642206	30642206.000	17394	17394.000
2550	1200	30642206	30642206.000	17323	17323.000
2000	1600	30642206	30642206.000	19072	19072.000
1700	1000	30642206	30642206.000	17943	17943.000
1250	800	30642206	30642206.000	41233	41233.000
2200	1250	30642206	30642206.000	16592	16592.000
1200	500	30642206	30642206.000	57878	57878.000
1900	700	30642206	30642206.000	14458	14458.000
1700	1150	30642206	30642206.000	17154	17154.000
1550	950	30642206	30642206.000	15939	15939.000
1300	500	30642206	30642206.000	30644	30644.000
1450	100	30642206	30642206.000	17050	17050.000
1750	500	30642206	30642206.000	18738	18738.000
1450	400	30642206	30642206.000	19344	19344.000
2450	500	30642206	30642206.000	13352	13352.000
2450	1650	30642206	30642206.000	15149	15149.000
1300	1150	30642206	30642206.000	30704	30704.000
1850	1250	30642206	30642206.000	17856	17856.000
2500	1500	30642206	30642206.000	18867	18867.000
1450	1300	30642206	30642206.000	19614	19614.000
2250	800	30642206	30642206.000	19352	19352.000
700	200	30642206	30642206.000	122745	122745.000
2100	1850	30642206	30642206.000	15547	15547.000
2350	0	30642206	30642206.000	18302	18302.000
2500	1300	30642206	30642206.000	15172	15172.000
2600	700	30642206	30642206.000	13735	13735.000
2250	1700	30642206	30642206.000	17595	17595.000
1000	300	30642206	30642206.000	126622	126622.000
2100	1250	30642206	30642206.000	14171	14171.000
1650	750	30642206	30642206.000	18034	18034.000
1550	1100	30642206	30642206.000	16175	16175.000
1600	1200	30642206	30642206.000	13985	13985.000
2200	1100	30642206	30642206.000	20915	20915.000
1750	1500	30642206	30642206.000	13279	13279.000
2050	1050	30642206	30642206.000	20793	20793.000
2150	1350	30642206	30642206.000	16726	16726.000
650	450	30642206	30642206.000	181617	181617.000
1050	600	30642206	30642206.000	126678	126678.000
1750	1250	30642206	30642206.000	16574	16574.000
1200	650	30642206	30642206.000	59206	59206.000
850	450	30642206	30642206.000	113009	113009.000
850	600	30642206	30642206.000	121080	121080.000
2100	200	30642206	30642206.000	17896	17896.000
1700	300	30642206	30642206.000	17737	17737.000
1650	700	30642206	30642206.000	15899	15899.000
2550	700	30642206	30642206.000	17252	17252.000
800	675	30642206	30642206.000	125170	125170.000
1600	200	30642206	30642206.000	16094	16094.000
1150	600	30642206	30642206.000	79898	79898.000
1100	0	30642206	30642206.000	113231	113231.000
2350	1100	30642206	30642206.000	18931	18931.000
1200	1000	30642206	30642206.000	53920	53920.000
1400	1050	30642206	30642206.000	19364	19364.000
1950	950	30642206	30642206.000	14943	14943.000
2400	1800	30642206	30642206.000	15395	15395.000
1400	750	30642206	30642206.000	20261	20261.000
2100	700	30642206	30642206.000	17126	17126.000
2350	1800	30642206	30642206.000	17173	17173.000
2150	1100	30642206	30642206.000	15662	15662.000
1850	1350	30642206	30642206.000	17821	17821.000
2550	1600	30642206	30642206.000	16922	16922.000
1800	900	30642206	30642206.000	18475	18475.000
2400	200	30642206	30642206.000	15655	15655.000
2350	400	30642206	30642206.000	18055	18055.000
1150	750	30642206	30642206.000	77839	77839.000
2000	1050	30642206	30642206.000	19242	19242.000
2300	400	30642206	30642206.000	15030	15030.000
1800	0	30642206	30642206.000	18592	18592.000
1250	500	30642206	30642206.000	46746	46746.000
800	300	30642206	30642206.000	130521	130521.000
2450	1200	30642206	30642206.000	16623	16623.000
2100	1100	30642206	30642206.000	18870	18870.000
1700	1250	30642206	30642206.000	18638	18638.000
1000	500	30642206	30642206.000	126024	126024.000
1150	1025	30642206	30642206.000	83550	83550.000
1050	750	30642206	30642206.000	128363	128363.000
1800	1250	30642206	30642206.000	16979	16979.000
1900	1400	30642206	30642206.000	16878	16878.000
2300	1750	30642206	30642206.000	20118	20118.000
2150	800	30642206	30642206.000	18107	18107.000
2150	400	30642206	30642206.000	14490	14490.000
1150	700	30642206	30642206.000	83114	83114.000
1800	950	30642206	30642206.000	14959	14959.000
2300	1200	30642206	30642206.000	17083	17083.000
2250	1750	30642206	30642206.000	16793	16793.000
2150	600	30642206	30642206.000	19016	19016.000
2600	900	30642206	30642206.000	20091	20091.000
2050	400	30642206	30642206.000	16059	16059.000
2000	1450	30642206	30642206.000	16782	16782.000
2050	1000	30642206	30642206.000	14619	14619.000
1750	1050	30642206	30642206.000	19122	19122.000
2050	1300	30642206	30642206.000	17927	17927.000
1300	650	30642206	30642206.000	28611	28611.000
2050	1750	30642206	30642206.000	13844	13844.000
650	500	30642206	30642206.000	174892	174892.000
2200	300	30642206	30642206.000	14537	14537.000
1100	400	30642206	30642206.000	109185	109185.000
1650	1000	30642206	30642206.000	16154	16154.000
850	725	30642206	30642206.000	118559	118559.000
1800	1050	30642206	30642206.000	14285	14285.000
700	300	30642206	30642206.000	123223	123223.000
1800	400	30642206	30642206.000	15340	15340.000
1550	1400	30642206	30642206.000	17812	17812.000
2050	1850	30642206	30642206.000	17802	17802.000
900	300	30642206	30642206.000	125986	125986.000
1350	300	30642206	30642206.000	24833	24833.000
2200	800	30642206	30642206.000	16415	16415.000
1250	1050	30642206	30642206.000	41280	41280.000
1650	950	30642206	30642206.000	17888	17888.000
1550	650	30642206	30642206.000	17229	17229.000
2400	900	30642206	30642206.000	16670	16670.000
2150	700	30642206	30642206.000	18157	18157.000
1700	600	30642206	30642206.000	15521	15521.000
1000	650	30642206	30642206.000	126379	126379.000
1700	1550	30642206	30642206.000	16609	16609.000
2300	700	30642206	30642206.000	19133	19133.000
2000	400	30642206	30642206.000	21141	21141.000
2450	1500	30642206	30642206.000	16847	16847.000
700	0	30642206	30642206.000	125639	125639.000
1400	950	30642206	30642206.000	19157	19157.000
1350	1200	30642206	30642206.000	25000	25000.000
750	400	30642206	30642206.000	134476	134476.000
2550	1550	30642206	30642206.000	14546	14546.000
1550	700	30642206	30642206.000	16579	16579.000
1200	400	30642206	30642206.000	62502	62502.000
2300	1400	30642206	30642206.000	20251	20251.000
2400	1000	30642206	30642206.000	16475	16475.000
1850	1600	30642206	30642206.000	14587	14587.000
1750	950	30642206	30642206.000	15411	15411.000
2550	1850	30642206	30642206.000	13783	13783.000
2050	1450	30642206	30642206.000	19422	19422.000
1850	1000	30642206	30642206.000	19120	19120.000
1700	1100	30642206	30642206.000	14985	14985.000
2050	1900	30642206	30642206.000	19311	19311.000
1850	1450	30642206	30642206.000	12503	12503.000
1100	950	30642206	30642206.000	115074	115074.000
2450	1450	30642206	30642206.000	11896	11896.000
1100	500	30642206	30642206.000	117342	117342.000
2250	1450	30642206	30642206.000	17412	17412.000
2450	700	30642206	30642206.000	15487	15487.000
2200	1200	30642206	30642206.000	11551	11551.000
1700	750	30642206	30642206.000	16883	16883.000
1250	0	30642206	30642206.000	39501	39501.000
2550	1800	30642206	30642206.000	16752	16752.000
1250	600	30642206	30642206.000	40237	40237.000
1500	1050	30642206	30642206.000	16296	16296.000
2000	1875	30642206	30642206.000	19871	19871.000
1450	450	30642206	30642206.000	16180	16180.000
2400	1750	30642206	30642206.000	16009	16009.000
1300	1100	30642206	30642206.000	33326	33326.000
2400	1850	30642206	30642206.000	17363	17363.000
2450	1400	30642206	30642206.000	15122	15122.000
1350	550	30642206	30642206.000	19900	19900.000
900	750	30642206	30642206.000	128471	128471.000
2300	0	30642206	30642206.000	15710	15710.000
2350	1200	30642206	30642206.000	14277	14277.000
1550	100	30642206	30642206.000	15041	15041.000
1000	550	30642206	30642206.000	125161	125161.000
2600	1700	30642206	30642206.000	14742	14742.000
700	550	30642206	30642206.000	126302	126302.000
1700	1450	30642206	30642206.000	15676	15676.000
2000	1800	30642206	30642206.000	17123	17123.000
1900	1600	30642206	30642206.000	12567	12567.000
2200	1350	30642206	30642206.000	18267	18267.000
1800	1500	30642206	30642206.000	14941	14941.000
2450	900	30642206	30642206.000	18740	18740.000
1550	600	30642206	30642206.000	16267	16267.000
2400	1900	30642206	30642206.000	14949	14949.000
1800	1400	30642206	30642206.000	15616	15616.000
2150	300	30642206	30642206.000	17238	17238.000
1250	750	30642206	30642206.000	42032	42032.000
850	500	30642206	30642206.000	124746	124746.000
850	650	30642206	30642206.000	118399	118399.000
2100	800	30642206	30642206.000	18677	18677.000
1850	1550	30642206	30642206.000	16426	16426.000
2400	700	30642206	30642206.000	14266	14266.000
1850	500	30642206	30642206.000	18275	18275.000
1800	1150	30642206	30642206.000	14379	14379.000
1050	800	30642206	30642206.000	122671	122671.000
1850	950	30642206	30642206.000	12504	12504.000
2550	600	30642206	30642206.000	16941	16941.000
1750	1600	30642206	30642206.000	15382	15382.000
2300	1300	30642206	30642206.000	15273	15273.000
1900	500	30642206	30642206.000	18373	18373.000
750	600	30642206	30642206.000	128257	128257.000
1750	800	30642206	30642206.000	16023	16023.000
1800	850	30642206	30642206.000	15266	15266.000
2350	1350	30642206	30642206.000	16676	16676.000
2300	100	30642206	30642206.000	16292	16292.000
1400	700	30642206	30642206.000	15144	15144.000
1200	200	30642206	30642206.000	56909	56909.000
2500	1400	30642206	30642206.000	16461	16461.000
1600	850	30642206	30642206.000	16710	16710.000
900	400	30642206	30642206.000	120739	120739.000
1350	500	30642206	30642206.000	27291	27291.000
1800	600	30642206	30642206.000	15711	15711.000
2000	500	30642206	30642206.000	16756	16756.000
2200	1750	30642206	30642206.000	14051	14051.000
2350	600	30642206	30642206.000	17097	17097.000
1800	500	30642206	30642206.000	16347	16347.000
1450	700	30642206	30642206.000	16508	16508.000
1950	1600	30642206	30642206.000	14760	14760.000
1450	1000	30642206	30642206.000	18584	18584.000
1300	1175	30642206	30642206.000	30712	30712.000
1500	100	30642206	30642206.000	14703	14703.000
1300	950	30642206	30642206.000	33503	33503.000
1750	1100	30642206	30642206.000	16118	16118.000
1500	1000	30642206	30642206.000	18651	18651.000
2500	1650	30642206	30642206.000	16396	16396.000
1100	650	30642206	30642206.000	112288	112288.000
1650	650	30642206	30642206.000	16091	16091.000
2600	1500	30642206	30642206.000	17896	17896.000
1100	200	30642206	30642206.000	106708	106708.000
1350	900	30642206	30642206.000	25053	25053.000
2300	1700	30642206	30642206.000	12953	12953.000
2500	200	30642206	30642206.000	17139	17139.000
2250	1000	30642206	30642206.000	18631	18631.000
2450	600	30642206	30642206.000	12660	12660.000
1950	1150	30642206	30642206.000	16895	16895.000
2500	700	30642206	30642206.000	18494	18494.000
2600	600	30642206	30642206.000	14468	14468.000
1750	900	30642206	30642206.000	16696	16696.000
2300	500	30642206	30642206.000	15772	15772.000
2500	1750	30642206	30642206.000	13316	13316.000
2150	1900	30642206	30642206.000	19747	19747.000
2050	600	30642206	30642206.000	19804	19804.000
2200	1650	30642206	30642206.000	16934	16934.000
1650	1050	30642206	30642206.000	18751	18751.000
1400	850	30642206	30642206.000	17441	17441.000
1350	100	30642206	30642206.000	25371	25371.000
2250	1850	30642206	30642206.000	14920	14920.000
1750	100	30642206	30642206.000	17190	17190.000
2550	1500	30642206	30642206.000	18275	18275.000
1300	0	30642206	30642206.000	31425	31425.000
2300	1550	30642206	30642206.000	16867	16867.000
1950	300	30642206	30642206.000	16809	16809.000
2500	1900	30642206	30642206.000	18245	18245.000
1950	1200	30642206	30642206.000	15095	15095.000
1800	700	30642206	30642206.000	16277	16277.000
2200	1800	30642206	30642206.000	13786	13786.000
1650	200	30642206	30642206.000	15125	15125.000
1400	100	30642206	30642206.000	11572	11572.000
1400	500	30642206	30642206.000	15706	15706.000
1800	1675	30642206	30642206.000	14795	14795.000
2600	100	30642206	30642206.000	14936	14936.000
900	100	30642206	30642206.000	120643	120643.000
900	550	30642206	30642206.000	129744	129744.000
2550	0	30642206	30642206.000	17621	17621.000
1250	1000	30642206	30642206.000	48767	48767.000
2000	1000	30642206	30642206.000	14837	14837.000
1150	1000	30642206	30642206.000	87720	87720.000
2250	1900	30642206	30642206.000	15616	15616.000
2600	1750	30642206	30642206.000	16459	16459.000
2200	1400	30642206	30642206.000	12385	12385.000
1800	1650	30642206	30642206.000	17596	17596.000
2350	1500	30642206	30642206.000	17708	17708.000
2350	1550	30642206	30642206.000	18205	18205.000
1850	1200	30642206	30642206.000	17078	17078.000
1700	500	30642206	30642206.000	18548	18548.000
1100	700	30642206	30642206.000	118625	118625.000
950	800	30642206	30642206.000	117835	117835.000
2100	1750	30642206	30642206.000	16584	16584.000
2600	1600	30642206	30642206.000	16382	16382.000
800	0	30642206	30642206.000	123008	123008.000
1100	750	30642206	30642206.000	106308	106308.000
2200	200	30642206	30642206.000	15520	15520.000
2250	600	30642206	30642206.000	16359	16359.000
2400	1450	30642206	30642206.000	16319	16319.000
1850	0	30642206	30642206.000	13794	13794.000
2000	100	30642206	30642206.000	16286	16286.000
1400	900	30642206	30642206.000	19223	19223.000
1900	950	30642206	30642206.000	15366	15366.000
2050	0	30642206	30642206.000	19191	19191.000
2200	500	30642206	30642206.000	11688	11688.000
2050	300	30642206	30642206.000	14729	14729.000
2450	1600	30642206	30642206.000	16785	16785.000
1400	300	30642206	30642206.000	13090	13090.000
2100	1650	30642206	30642206.000	13631	13631.000
